4096 4096
169
124 110 124 110 124 657 230 657
324 709 323 705 4 702
272 428 325 747 721 917
249 561 326 722 688 875
188 406 523 429 890 878
524 1003 932 889 989 49
238 476 325 476 325 36 1005 36
326 861 327 861 327 544 521 544
278 58 167 274 131 661
87 497 248 149 324 115
630 1838 955 1838 955 1536 981 1536
265 1316 266 1334 341 1359
609 1198 747 1198 747 1783 752 1783
302 1462 300 1462 300 1542 286 1542
550 1661 551 1661 551 1588 954 1588
669 1262 670 1482 868 1746
161 1172 162 1172 162 1525 297 1525
206 1507 207 1507 207 1382 377 1382
441 1662 440 1662 440 1055 15 1055
615 1677 549 1677 549 1297 517 1297
361 3065 278 3047 223 2710
403 2601 232 2601 232 2238 97 2238
1018 2383 1017 2383 1017 2671 463 2671
40 2599 280 2551 847 2335
530 2263 666 2263 666 2601 749 2601
233 2403 263 2373 802 2329
617 2115 189 2306 104 2900
68 2088 848 2088 848 2740 908 2740
25 2786 477 2786 477 2048 698 2048
138 2215 235 2602 343 2976
57 2868 309 2374 595 2337
954 3512 953 3512 953 3742 879 3742
73 3752 115 3752 115 4009 121 4009
705 3938 978 3938 978 4085 1000 4085
229 3620 443 3620 443 3960 451 3960
872 3554 370 3554 370 3400 61 3400
604 3336 603 3387 371 3517
167 3851 167 3619 905 3619 905 3118
51 3351 85 3351 85 3295 1005 3295
311 3371 312 3371 312 3113 505 3113
610 3188 659 3188 659 3449 784 3449
1906 943 1905 943 1905 873 1152 873
1624 666 1390 666 1390 353 1382 353
1654 874 1655 874 1655 729 1679 729
1297 28 1816 28 1816 872 1931 872
1821 289 1822 289 1822 738 1900 738
1487 95 1485 425 1391 427
2046 451 2001 451 2001 990 1587 990
1815 191 1768 191 1768 848 1651 848
2042 379 1712 379 1712 447 1173 447
1722 155 1161 179 1091 485
1486 417 1476 428 1425 656
1325 1037 1324 1037 1324 1604 1295 1604
1329 1071 1647 1071 1647 1842 1801 1842
1271 1291 1272 1291 1272 1307 1778 1307
1783 1236 1784 1236 1784 1842 1795 1842
1891 1428 1617 1428 1617 1535 1366 1535
1650 1557 1873 1672 1890 1813
1148 1570 1148 1605 1933 1605 1933 1802
1053 1311 1054 1311 1054 1126 1385 1126
1081 1542 1865 1542 1865 1460 1944 1460
1619 1470 1605 1470 1605 1922 1538 1922
1876 2000 1872 1845 1098 1568
1961 2779 1960 2779 1960 2332 1788 2332
1704 2991 1668 2991 1668 2566 1143 2566
1370 2165 1510 2165 1510 2470 1641 2470
1990 2222 1743 2222 1743 2396 1634 2396
1814 2165 1554 2314 1394 2362
1215 2498 1214 2498 1214 2097 1182 2097
1603 2089 1815 2089 1815 2191 1885 2191
1670 2926 1669 2926 1669 2490 1651 2490
1948 2966 1338 2966 1338 2607 1105 2607
1822 2682 1809 2682 1809 2558 1747 2558
1149 2670 1234 2813 1271 2895
1889 3597 1888 3592 1558 3371
1572 3835 1433 3889 1068 4090
1371 3965 1340 3965 1340 3450 1127 3450
1942 3325 1859 3786 1843 3944
1281 3781 1282 3781 1282 3988 1350 3988
1304 3528 1303 3528 1303 3590 1181 3590
1037 3205 1038 3286 1217 3355
1595 3272 1594 3272 1594 3181 1396 3181
1204 4049 1126 4049 1126 3162 1082 3162
2018 3245 1431 3342 1429 3377
2299 715 2300 823 3045 950
2239 161 2245 161 2245 264 2734 264
2281 596 2282 596 2282 385 2374 385
2854 742 2853 742 2853 552 2817 552
2494 713 2495 785 2564 974
2809 276 2561 308 2359 384
2931 73 2932 73 2932 511 2969 511
2934 725 2933 725 2933 68 2493 68
2143 988 2283 988 2283 585 2718 585
2704 418 2704 307 2244 307 2244 200
2932 974 2931 974 2931 289 2533 289
2699 1626 2700 1626 2700 1807 2829 1807
2992 1966 2991 1966 2991 2027 2311 2027
2086 2030 2087 2030 2087 1400 2130 1400
2833 1716 2896 1716 2896 1892 3030 1892
2292 1322 2293 1322 2293 1886 2317 1886
2290 1474 2291 1474 2291 1955 2848 1955
3068 1361 3067 1361 3067 1619 2221 1619
2493 1160 2494 1160 2494 2034 2521 2034
2646 2000 2220 2000 2220 1461 2144 1461
2582 1339 2430 1122 2110 1070
2951 1026 2950 1026 2950 1488 2758 1488
2563 2067 2428 2067 2428 2827 2301 2827
2974 2184 2973 2184 2973 2652 2456 2652
2846 2798 2812 2701 2594 2219
2228 2325 2229 2325 2229 2085 2781 2085
2278 2086 2282 2086 2282 2832 2837 2832
2603 2630 2604 2630 2604 2182 2627 2182
2260 2530 2398 2530 2398 2911 2435 2911
2145 2611 2146 2681 2716 2702
2803 2182 2802 2182 2802 2626 2405 2626
2629 2903 2630 2903 2630 2172 2698 2172
2333 2470 2338 2484 2346 2547
2689 3810 2688 3425 2356 3280
2774 3299 2787 3299 2787 3934 2854 3934
2940 4046 2514 4046 2514 3299 2486 3299
2379 3286 2380 3286 2380 3416 2405 3416
2720 3483 2719 3483 2719 3709 2586 3709
2502 3911 2503 3911 2503 3906 2536 3906
2740 3890 2747 3890 2747 3819 2786 3819
2705 3637 2382 3612 2329 3611
2371 4004 2181 3606 2079 3544
2352 3876 2293 3746 2200 3643
2182 4002 2183 4002 2183 3606 2489 3606
3161 102 3162 102 3162 779 3287 779
3386 107 4074 107 4074 802 4095 802
3616 936 3704 936 3704 379 3796 379
3778 498 3804 498 3804 814 3809 814
4073 534 4072 491 3237 250
3086 234 3134 401 3165 860
3433 931 3562 931 3562 803 3703 803
3356 714 3357 714 3357 339 3637 339
3733 669 3734 669 3734 870 3887 870
3084 212 3088 229 3894 267
3287 1214 3369 1214 3369 1713 3711 1713
3660 1279 3659 1119 3117 1037
4046 1077 4046 1120 3176 1120 3176 1226
3434 1776 3579 1776 3579 1031 4026 1031
3189 1654 4019 1616 4051 1278
3096 1609 3097 1609 3097 1065 4024 1065
4039 1056 4039 1133 3858 1133 3858 1601
3550 1385 3550 1617 4080 1617 4080 1927
3369 1725 3370 1725 3370 1873 4001 1873
4063 1885 3945 1755 3245 1659
3878 1651 3549 1651 3549 1566 3390 1566
3727 2255 3196 2255 3196 2750 3105 2750
3890 2467 3580 2467 3580 2324 3197 2324
4039 3046 4052 3046 4052 2516 4065 2516
3555 2975 3663 2937 3932 2733
3534 2143 3728 2143 3728 2712 4046 2712
3639 2101 3778 2101 3778 2388 3807 2388
3127 2860 3128 2860 3128 2198 3255 2198
4051 2961 3981 2153 3567 2119
4005 2795 3743 2795 3743 2854 3234 2854
3419 2807 3418 2807 3418 2628 3240 2628
3659 3124 3408 3124 3408 4072 3217 4072
3682 3741 3681 3841 3546 4038
3187 3691 3188 3646 3744 3259
3373 3249 3694 3249 3694 3955 3727 3955
3741 3784 3740 3784 3740 3751 3219 3751
3512 3831 3513 3756 3661 3696
3239 3724 3240 3724 3240 3895 3596 3895
3596 3852 3357 3852 3357 3756 3158 3756
3738 3181 3737 3181 3737 3786 3447 3786
3921 3499 3920 3668 3689 3803
