4096 4096
1123
619 1017 619 866 130 866 130 66
3 472 4 508 936 831
607 855 606 855 606 535 563 535
200 807 199 807 199 996 63 996
866 320 866 130 119 130 119 102
227 98 868 98 868 124 893 124
17 293 152 674 159 881
353 371 543 592 554 995
267 826 268 826 268 307 608 307
538 968 1010 968 1010 638 1019 638
28 975 28 913 531 913 531 720
651 125 937 125 937 1012 996 1012
1004 556 1004 575 22 575 22 793
858 191 858 246 14 246 14 488
893 770 773 770 773 885 684 885
403 351 251 351 251 211 181 211
154 186 155 186 155 952 771 952
173 668 555 674 1006 692
884 995 884 985 475 985 475 915
674 33 985 575 1009 654
224 183 620 183 620 893 628 893
543 30 621 30 621 764 849 764
599 865 562 865 562 447 398 447
857 503 856 369 396 272
213 959 630 959 630 915 714 915
503 302 494 352 372 894
551 921 629 921 629 619 813 619
845 131 848 191 917 228
561 48 454 48 454 227 290 227
690 668 691 514 837 169
252 262 321 245 504 101
89 785 90 785 90 634 123 634
753 73 40 73 40 928 32 928
558 562 558 165 94 165 94 156
59 991 59 894 867 894 867 737
8 1453 8 1337 723 1337 723 1303
185 1464 186 1464 186 1996 766 1996
205 1178 281 1351 482 1363
964 1089 639 1438 340 1870
1003 1067 999 1067 999 1810 921 1810
259 1416 259 1979 855 1979 855 2006
795 1116 624 1116 624 1333 82 1333
842 1762 843 1560 848 1527
611 1303 610 1303 610 1275 362 1275
353 1895 353 1468 599 1468 599 1157
126 1839 127 1826 339 1825
330 1038 325 1538 323 1568
658 1503 704 1503 704 1742 953 1742
360 1597 360 1473 902 1473 902 1448
829 1865 718 1865 718 1549 453 1549
703 1603 608 1791 472 1978
301 1338 724 1284 777 1263
960 1493 694 1376 184 1374
785 1767 453 1767 453 1819 379 1819
150 1873 150 1249 927 1249 927 1178
543 2046 543 2019 1016 2019 1016 1874
501 1369 501 1381 320 1381 320 1871
178 1968 357 1675 441 1523
681 1803 621 1536 270 1400
300 1739 361 1739 361 1524 571 1524
130 1258 338 1342 684 1380
988 1048 424 1048 424 1068 37 1068
343 1380 343 1368 547 1368 547 1115
695 1074 755 1418 876 1952
100 1341 107 1540 447 1624
698 1139 698 1537 421 1537 421 1674
365 1318 364 1318 364 1322 294 1322
934 1874 706 1848 609 1787
558 1629 540 1629 540 2020
897 1372 896 1372 896 1287 795 1287
196 2256 188 2379 79 2817
92 2220 166 2220 166 2619 243 2619
887 2218 183 2218 183 2736 123 2736
971 3043 971 2964 490 2964 490 2725
524 2163 664 2163 664 2575 1002 2575
602 2995 346 2995 346 2427 345 2427
12 2856 14 2856 14 2847 786 2847
63 2180 230 2198 688 2740
114 2108 114 2164 643 2164 643 2515
1011 2558 990 2558 990 2870 871 2870
781 2329 807 2329 807 2724 852 2724
676 2707 622 2527 613 2481
36 2986 219 2986 219 2543 413 2543
356 2297 329 2388 317 2542
505 2877 519 2877 519 2548 547 2548
597 3071 417 3071 417 2497 347 2497
1021 2253 880 2315 826 2396
352 2451 479 2610 730 2859
387 2095 364 2095 364 2709 274 2709
685 2670 686 2670 686 2728 719 2728
12 2584 13 2584 13 2965 926 2965
986 2725 986 2492 185 2492 185 2339
362 2886 362 2976 925 2976 925 3033
418 2975 432 2975 432 2777 808 2777
433 2412 432 2412 432 2102 393 2102
484 2947 361 2942 87 2837
824 2192 824 2265 961 2265 961 2363
186 3014 78 3014 78 2248 60 2248
411 2711 411 2547 566 2547 566 2185
663 2514 194 2288 28 2260
702 2324 830 2324 830 2298 999 2298
330 2997 53 2997 53 2075 10 2075
1013 2666 1012 2666 1012 2914 862 2914
586 2166 585 2216 469 2329
46 4018 47 4018 47 3616 172 3616
410 3789 411 3844 458 3876
49 3640 50 3640 50 3684 292 3684
59 3970 60 3970 60 3077 81 3077
259 3368 258 3413 147 3439
262 4063 263 3627 512 3281
74 3823 293 3738 666 3683
634 3076 436 3237 234 3657
783 4036 792 4036 792 3087 825 3087
764 3991 209 3991 209 3599 131 3599
175 3241 191 3331 373 3340
285 3824 286 3824 286 3919 798 3919
779 3443 778 3443 778 4094 662 4094
591 3894 591 3381 446 3381 446 3201
292 3628 329 3628 329 3450 535 3450
185 3642 184 3642 184 3776 128 3776
410 3480 599 3480 599 3240 847 3240
682 3629 682 3200 123 3200 123 3106
147 3635 91 3635 91 3672 89 3672
722 3198 721 3198 721 3178 69 3178
784 3257 900 3257 900 3408 1011 3408
218 3764 218 3162 108 3162 108 3151
799 3874 48 3874 48 3487 10 3487
339 3966 210 3966 210 3998 35 3998
432 3456 303 3456 303 3547 141 3547
493 3492 493 3490 358 3490 358 3337
192 3330 192 3199 691 3199 691 3148
893 3970 892 3970 892 3298 495 3298
404 3609 577 3609 577 3405 899 3405
612 3597 207 3597 207 3491 155 3491
373 3854 374 3560 598 3385
3 3520 4 3520 4 4088 675 4088
1806 642 1945 642 1945 505 2042 505
1462 768 1461 768 1461 739 1149 739
1538 472 1614 472 1614 575 1681 575
1567 664 1279 602 1202 542
1945 498 1944 510 1831 514
1118 833 1689 796 1784 748
1115 780 1115 749 1969 749 1969 522
1564 454 1537 454 1537 817 1483 817
1711 132 1114 132 1114 771 1113 771
1224 978 1224 309 1349 309 1349 219
1771 241 1608 370 1490 825
1813 920 1789 920 1789 361 1600 361
1645 199 1784 673 1914 854
1225 310 1670 423 1975 633
1438 164 1210 164 1210 234 1184 234
1635 859 1495 363 1473 359
1174 319 1174 368 1172 368 1172 391
1221 673 1476 594 1763 448
1482 375 1482 403 1186 403 1186 809
1659 168 1660 168 1660 232 1673 232
1742 950 1741 950 1741 897 1459 897
1512 154 1501 192 1052 466
1195 112 1620 332 1654 388
1826 34 1672 20 1504 0
1916 841 1940 841 1940 755 2015 755
1292 573 1325 176 1361 165
1636 582 1568 582 1568 616 1554 616
1072 945 1072 722 1652 722 1652 514
2031 415 1528 423 1280 593
1622 48 1622 113 1198 113 1198 892
1803 262 1732 262 1732 863 1676 863
1867 558 1866 562 1692 570
1898 1786 1525 1680 1043 1667
1828 1452 1686 1452 1686 1339 1378 1339
1177 1919 1178 1919 1178 1042 1186 1042
1127 1934 1127 1724 1824 1724 1824 1578
1117 1079 1111 1079 1111 1659 1035 1659
1693 1338 1578 1427 1481 1695
1849 1139 1631 1139 1631 1904 1432 1904
1666 1546 1646 1416 1463 1124
1659 1258 1514 1258 1514 1432 1261 1432
1211 1475 1211 1461 1575 1461 1575 1358
1583 1250 1058 1250 1058 1331 1039 1331
2010 1947 1255 1947 1255 1045 1246 1045
1620 1674 1269 1340 1253 1034
1917 2035 1947 1874 1976 1653
1960 1627 1180 1627 1180 1438 1177 1438
1719 1782 1720 1782 1720 1221 1969 1221
1224 1417 1225 1417 1225 1498 1483 1498
1098 1480 1098 1811 1674 1811 1674 1857
1695 1078 1695 1421 1842 1421 1842 1504
1314 1650 1349 1653 1393 1932
1979 1533 1974 1639 1963 1875
1861 1975 1817 1595 1790 1337
1399 2037 1399 1951 2027 1951 2027 1348
1614 1929 1590 1864 1062 1825
1950 1673 1718 1576 1359 1462
1506 1402 1373 1402 1373 1363 1030 1363
1071 1157 1515 1200 1826 1765
1113 1133 1113 1310 1476 1310 1476 1899
1502 2042 1549 2042 1549 1495 1716 1495
1818 1865 1818 1809 1589 1809 1589 1055
1245 1995 1270 1995 1270 1810 1728 1810
2000 1182 1674 1182 1674 1515 1259 1515
1818 1077 1097 1077 1097 2013 1086 2013
1206 2189 1206 2339 1749 2339 1749 2401
1589 2619 1589 2813 1992 2813 1992 2863
1176 2122 1177 2122 1177 2812 1411 2812
1182 2730 1303 2705 1584 2497
1457 2315 1528 2315 1528 2356 1576 2356
1831 2749 1931 2183 1993 2119
1461 2678 1461 2742 1305 2742 1305 2980
1066 2915 1072 2915 1072 2754 1482 2754
1489 2094 1201 2094 1201 2084 1157 2084
1981 2536 1980 2536 1980 2944 1896 2944
1429 2084 1345 2084 1345 2072 1101 2072
1746 2609 1747 2609 1747 2460 1964 2460
1658 2771 1539 2771 1539 2666 1203 2666
1173 2166 1297 2166 1297 2338 1783 2338
1497 2873 1498 2873 1498 3039 1706 3039
1443 2987 1659 2987 1659 2176 1696 2176
1063 2305 1621 2254 1763 2182
1461 2930 1460 2930 1460 2688 1453 2688
1207 2967 1208 2967 1208 3050 1323 3050
1155 3058 1124 2660 1106 2328
1672 2655 1672 2361 2015 2361 2015 2299
1747 2614 1187 2614 1187 2691 1099 2691
1806 2773 1623 2773 1623 2156 1613 2156
1372 2535 1372 2463 1537 2463 1537 2256
1677 2453 1678 2453 1678 2562 1694 2562
1933 2664 1926 2664 1926 2534 1911 2534
1036 2969 1037 2969 1037 2518 1998 2518
1346 2073 1490 2073 1490 2162 1880 2162
1234 2284 1065 2542 1064 2610
1935 2376 1708 2376 1708 2658 1700 2658
1507 2794 1465 2654 1260 2597
1911 2318 1911 2319 1070 2319 1070 2871
1548 2859 1548 2822 1114 2822 1114 2500
1209 3001 1461 3001 1461 2775 1816 2775
1028 2468 1029 2468 1029 2312 1927 2312
1211 3436 1266 3436 1266 3411
1796 3171 1796 3182 1147 3182 1147 3428
1461 3280 1789 3579 1884 4033
1101 3457 1347 3457 1347 3696 1698 3696
1750 3754 1650 3692 1509 3686
1203 3894 1204 3894 1204 3860 1490 3860
1108 3449 1109 3449 1109 3744 1220 3744
1768 3675 1664 3675 1664 3091 1579 3091
1406 3328 1405 3328 1405 3613 1196 3613
1991 3940 1508 3940 1508 3415 1460 3415
1860 3397 1859 3397 1859 3129 1693 3129
1675 3286 1676 3286 1676 3401 1783 3401
1772 3747 1992 3747 1992 4022 2020 4022
1038 3623 1039 3623 1039 4061 1793 4061
1127 3517 1128 3883 1718 4046
1822 3366 1538 3366 1538 3578 1537 3578
1745 3845 1745 3187 1294 3187 1294 3094
1162 3393 1162 3093 1557 3093 1557 3074
1744 3642 1745 3200 1751 3161
1168 3479 1169 3479 1169 3370 1711 3370
1113 3537 1305 3516 1309 3411
1313 3103 1313 3143 1559 3143 1559 3340
1539 3939 1560 3939 1560 3266 1650 3266
1483 3649 1483 4034 1904 4034 1904 4092
1151 3076 1152 3076 1152 3855 1184 3855
1972 3221 1971 3221 1971 3223 1869 3223
1985 3190 1816 3190 1816 3782 1354 3782
1724 3876 1769 3876 1769 3434 1812 3434
1985 3759 1507 3759 1507 3784 1170 3784
1854 4040 1828 3188 1760 3072
1548 3111 1100 3227 1033 3991
3071 594 3067 452 3037 131
2321 969 2440 969 2440 867 2995 867
2213 807 2214 807 2214 79 2236 79
2534 790 2534 781 2075 781 2075 718
2942 417 2745 336 2402 323
2440 889 2441 889 2441 995 3011 995
2521 438 2312 438 2312 740 2166 740
2960 934 2763 933 2528 932
2318 20 2267 20 2267 428 2252 428
2324 323 2427 323 2427 329 2704 329
2616 5 2615 41 2582 60
2800 538 2745 676 2723 896
2366 906 2367 906 2367 682 2443 682
3059 463 3058 463 3058 134 2271 134
3049 795 2992 257 2984 78
2278 543 2278 142 2268 142 2268 96
2390 479 2389 479 2389 540 2313 540
2698 661 2699 696 2828 718
2835 948 2808 935 2579 930
2963 499 2979 454 2982 104
2600 964 2600 938 2490 938 2490 290
2894 319 2894 562 2076 562 2076 642
2387 860 2073 831 2067 135
2186 1012 2187 1012 2187 748 2193 748
2962 797 2961 797 2961 832 2474 832
2179 159 2179 646 2754 646 2754 699
2140 15 2943 862 2944 949
2609 823 2609 736 2898 736 2898 334
2543 574 2544 574 2544 819 2646 819
2868 626 2425 626 2425 481 2411 481
2123 314 2124 314 2124 342 2456 342
2390 328 2780 328 2780 180 2891 180
2313 263 2314 263 2314 999 2951 999
2446 628 2277 360 2135 143
2929 654 2929 30 2365 30 2365 24
2817 368 2818 368 2818 94 2832 94
2875 1900 2862 1900 2862 1866 2817 1866
2474 1089 2131 1089 2131 1965 2113 1965
2456 1999 2385 1973 2059 1377
2077 1507 2287 1507 2287 1542 2888 1542
2804 1152 2764 1152 2764 2012 2549 2012
2728 1365 2727 1365 2727 1981 2653 1981
2943 1814 2713 1470 2519 1129
2179 1556 2430 1859 2791 1941
2210 1482 2194 1465 2181 1386
2352 1908 2351 1908 2351 1702 2348 1702
2711 2002 2587 1722 2549 1454
2915 1188 2905 1300 2776 2044
2406 1993 2384 1993 2384 1924 2288 1924
2936 1869 2903 1869 2903 1310 2439 1310
2461 1456 2461 1128 3064 1128 3064 1062
2793 1477 2817 1477 2817 1130 2873 1130
2458 1211 2652 1211 2652 1627 2685 1627
2346 2028 2319 1676 2302 1653
2274 1745 2796 1745 2796 1921 3005 1921
2975 1054 2740 1054 2740 1475 2203 1475
2987 1396 2979 1173 2412 1028
3034 1327 3033 1327 3033 2000 2822 2000
2247 1851 2248 1851 2248 1273 2775 1273
2493 1592 2497 1596 2507 1979
2816 1189 2815 1189 2815 1174 2172 1174
2379 1332 2546 1365 2596 1858
2221 1833 2667 1533 2717 1506
2489 1313 2889 1313 2889 1882 2894 1882
2968 1027 2904 1027 2904 2020 2825 2020
2220 1992 2220 1210 3020 1210 3020 1179
2324 1707 2325 1707 2325 1094 2478 1094
2207 1039 2231 1039 2231 1528 2286 1528
2696 1763 2696 1859 2557 1859 2557 1861
2285 2792 2149 2598 2142 2388
2278 2979 2278 2958 2549 2958 2549 2154
2788 2334 2555 2334 2555 2774 2445 2774
2824 2835 2754 2809 2566 2742
2291 2248 2292 2248 2292 2177 2544 2177
2112 2569 2113 2569 2113 2657 2915 2657
2187 2366 2294 2974 2355 3012
2650 2830 2347 2754 2329 2189
2377 2672 2351 2672 2351 2687 2278 2687
2898 2619 2794 2857 2260 2896
2797 2436 2796 2751 2604 2828
2505 2186 2917 2272 2977 2927
2312 2963 2986 2963 2986 2137 2995 2137
2212 2827 2294 2827 2294 2083 2359 2083
2301 2982 2709 2947 2844 2841
2684 2613 2684 2915 2637 2915 2637 2938
2855 2246 2712 2246 2712 2126 2185 2126
2150 2413 2150 2303 2535 2303 2535 2196
2284 2885 2376 2627 2377 2183
2899 2440 2899 2842 2275 2842 2275 2877
2553 2959 2089 2959 2089 2096
2120 2679 2658 2453 2683 2391
2935 2820 2916 2820 2916 2377 2371 2377
2287 2353 2672 2703 2786 2826
2571 2494 2142 2494 2142 2456 2093 2456
2115 2367 2115 2333 3031 2333 3031 2158
2170 2905 2415 2840 2833 2532
2341 2611 2647 2603 2843 2597
2435 2113 2434 2129 2367 2143
2708 2950 2707 2950 2707 2571 2678 2571
2155 2801 2860 2801 2860 2611 2985 2611
3059 3676 2580 3966 2406 4002
2980 3763 2832 3763 2832 4061 2437 4061
2559 4022 2430 4022 2430 3172 2318 3172
2967 3740 2865 3740 2865 3678 2643 3678
2263 3649 2416 3550 2447 3392
2347 3454 2399 3574 2754 4054
2651 3254 2262 3254 2262 3885 2096 3885
3021 3147 2980 3147 2980 3748 2774 3748
2582 3343 2582 3480 2409 3480 2409 3580
2906 3989 2905 3989 2905 4024 2388 4024
2909 3250 2908 3250 2908 3166 2901 3166
2406 3130 2765 3130 2765 4091 2875 4091
2992 4034 2991 4037 2812 4075
2567 3468 2504 3468 2504 3991 2274 3991
2766 3229 2868 3229 2868 3736 2939 3736
3030 3826 3031 3826 3031 3092 3047 3092
2450 3937 2731 3937 2731 3447 2760 3447
2386 4007 2993 4007 2993 3313 3032 3313
2305 3319 2306 3319 2306 3573 2481 3573
2658 3082 2658 3269 2271 3269 2271 3831
3023 3172 2841 3172 2841 3092 2647 3092
2741 3242 2495 3255 2376 3820
2867 3710 2867 3677 2072 3677 2072 3373
2992 3954 2991 3954 2991 3361 2981 3361
2347 3736 2348 3736 2348 3707 2697 3707
2269 3201 2332 3201 2332 4085 2744 4085
2575 3801 2528 3830 2505 3892
2171 3356 2172 3356 2172 4001 2533 4001
2176 3905 2730 3732 2777 3412
2099 3948 2496 3948 2496 3528 2561 3528
2431 3311 2448 3524 2475 3804
3049 4084 3031 4084 3031 3346 3006 3346
2472 3304 2630 3304 2630 4050 2685 4050
2469 3338 2481 3567 2764 3810
2967 3129 2966 3483 2599 3488
3501 805 3501 644 3097 644 3097 39
3595 81 3594 81 3594 101 3274 101
4082 378 3677 378 3677 290 3288 290
3960 450 3960 444 3210 444 3210 427
3437 323 3346 323 3346 549 3326 549
3943 837 3878 455 3747 107
3971 587 3970 587 3970 88 3817 88
4083 775 4083 4 3085 4 3085 3
3347 278 3141 278 3141 594 3133 594
3151 238 3843 372 3852 439
3659 43 3632 43 3632 218 3383 218
3166 134 3446 134 3446 952 3694 952
3142 372 3180 451 3618 481
4020 545 4019 545 4019 44 3271 44
3088 231 3220 231 3220 991 3285 991
3092 992 3092 977 4056 977 4056 178
3489 584 3879 584 3879 452 4049 452
3497 883 3636 883 3636 423 3806 423
3861 77 3860 73 3230 71
3602 581 3678 422 3723 38
3296 873 3633 873 3633 183 3655 183
3340 438 3635 658 3898 788
3450 812 3280 812 3280 765 3241 765
3966 478 3962 478 3962 741 3753 741
3654 528 3650 528 3650 782 3509 782
3966 250 3967 250 3967 290 4034 290
3978 575 3978 605 3651 605 3651 789
3128 99 3703 99 3703 853 3781 853
3497 372 3506 372 3506 794 3538 794
3103 895 3103 781 3522 781 3522 596
3980 601 3980 232 3342 232 3342 215
3827 357 3707 357 3707 431 3661 431
3366 410 3339 647 3331 691
4091 319 4090 319 4090 937 3632 937
3853 1207 3842 1207 3842 1479 3620 1479
3776 1321 3807 1481 3855 1536
3291 1422 3932 1294 3956 1079
3355 1162 3933 1162 3933 1786 3937 1786
3723 1734 3804 1581 3846 1539
3075 1763 3091 1763 3091 1953 3994 1953
3294 2010 3569 1760 3962 1420
3383 1897 3989 1897 3989 1326 4007 1326
3227 1038 3246 1038 3246 1466 3422 1466
3224 1528 3261 1528 3261 1999 3820 1999
4062 1700 4061 1610 3932 1062
3159 1367 3160 1590 3232 1880
4015 1233 3988 1233 3988 1122 3709 1122
3989 1150 4045 1499 4079 1503
4014 1289 4013 1289 4013 1804 3616 1804
3108 1419 3120 1433 3183 1910
4049 1623 4035 1623 4035 1049 3782 1049
3120 2013 3238 2013 3238 1961 3481 1961
3160 1146 3212 1231 3399 1456
4056 1167 4055 1167 4055 1702 3863 1702
3433 1841 3382 1909 3291 1959
3472 1217 3159 1217 3159 1075 3130 1075
3320 1692 3320 1515 3518 1515 3518 1423
3568 1691 3568 1404 3435 1404 3435 1236
3615 1698 3401 1698 3401 1556 3224 1556
3908 1517 3514 1277 3491 1270
3662 1809 3661 1809 3661 2013 3415 2013
3846 1222 3847 1222 3847 1527 3863 1527
3609 1830 3511 1830 3511 1711 3505 1711
3906 1597 3905 1597 3905 1616 3734 1616
3638 1782 3638 1700 3389 1700 3389 1572
3959 1210 3958 1210 3958 1590 3729 1590
4007 1849 4006 1849 4006 1502 3804 1502
3474 2147 4069 2147 4069 2910 4076 2910
3728 2397 3658 2263 3257 2200
3259 2339 3708 2339 3708 2169 3718 2169
3543 2634 3543 2707 3790 2707 3790 2770
3105 2675 3151 2623 3485 2131
3241 2176 3241 2182 3877 2182 3877 2212
3273 2066 3273 2581 3494 2581 3494 2943
3526 2756 3554 2329 3712 2096
3307 2985 3307 2969 3903 2969 3903 2236
3727 2675 3727 2615 3783 2615 3783 2303
3233 2152 3255 2590 3573 2705
3348 2067 3932 2067 3932 2447 3949 2447
3787 2647 3786 2652 3449 2673
3376 2681 3377 2681 3377 2819 3601 2819
3191 2660 3305 2625 3332 2589
3095 2194 3122 2609 3150 2647
3983 2993 3837 2993 3837 2794 3816 2794
3475 2662 3285 2662 3285 2821 3159 2821
3300 2674 3299 2674 3299 2921 3122 2921
3284 2580 3716 2711 3929 2849
3838 2936 3839 2936 3839 2967 4014 2967
3897 2234 3659 2246 3645 2301
3932 2816 3931 2749 3298 2181
3292 2505 3729 2505 3729 2337 3779 2337
3443 3001 3730 2963 4068 2706
3899 2097 3904 2097 3904 2529 3914 2529
3892 2279 3891 2279 3891 2616 3737 2616
3699 2999 3551 2999 3551 2970 3402 2970
3441 2294 3482 2294 3482 2756 3515 2756
3765 2057 3726 2354 3285 2412
3287 2963 3495 2963 3495 2938 3569 2938
3377 3286 3566 3286 3566 3257 3848 3257
3701 4093 3693 4093 3693 3196 3522 3196
3839 3821 3840 3821 3840 3599 3952 3599
3200 3684 3228 3683 3404 3322
3192 3330 3192 3761 3418 3761 3418 3906
3630 3543 3630 3925 3414 3925 3414 4075
3855 3931 3855 3336 3476 3336 3476 3165
3757 3958 3756 3958 3756 3698 3715 3698
3093 3336 3094 3336 3094 4009 3145 4009
3667 3390 3645 3390 3645 4016 3556 4016
3360 3634 3356 3395 3323 3346
3628 4056 3859 3492 3923 3362
3598 3218 3565 3218 3565 3265 3076 3265
3167 3886 3239 3823 3316 3652
3653 3216 3564 3248 3320 3255
3542 3596 3541 3596 3541 3361 3263 3361
3300 3210 3300 3337 3534 3337 3534 3670
3240 3097 3241 3097 3241 3116 3484 3116
3389 3407 3310 3386 3207 3372
3662 3751 3662 3697 3979 3697 3979 3150
3103 3924 3419 3924 3419 3830 3638 3830
3858 3883 3838 3883 3838 3642 3717 3642
3730 3107 3729 3107 3729 4052 3727 4052
3533 3970 4007 3650 4018 3243
3955 3435 3954 3435 3954 3428 3091 3428
3347 3092 4042 3764 4048 4020
3954 3602 3953 3602 3953 3096 3393 3096
3915 4060 4014 4060 4014 3324 4041 3324
3353 3732 3601 3732 3601 3648 3827 3648
3173 3475 3172 3475 3172 3762 3095 3762
3590 3134 3980 3134 3980 3736 3998 3736
3500 3109 3564 3219 3587 3560
3295 4015 3410 4013 3466 3656
3160 3433 3174 3433 3174 3760 3238 3760
3131 4050 3206 4050 3206 3773 3305 3773
4006 3937 3837 3937 3837 3770 3646 3770
425 1063 1120 1063 1120 1009 1888 1009
1249 978 1249 979 423 979 423 985
1321 1071 36 1054 4 1042
1991 991 1119 991 1119 1060 584 1060
1079 1038 1078 1038 1078 1044 479 1044
478 2020 1098 2020 1098 2005 1845 2005
1548 2019 1501 2020 257 2063
2 2039 54 2039 54 2081 1445 2081
1892 2007 1649 2053 389 2087
1603 2010 1603 2025 245 2025 245 2047
1703 3114 1703 3057 72 3057 72 3030
1436 3042 1429 3042 1429 3057
1217 3101 1216 3101 1216 3074 523 3074
1894 3085 1895 3085 1895 3100 1993 3100
84 3067 972 3067 972 3021 1037 3021
1905 1017 1906 1017 1906 1068 2686 1068
1749 988 1992 988 1992 1003 2202 1003
2071 983 2080 984 2217 1043
1256 1056 1257 1056 1257 983 1780 983
1891 1048 2467 1048 2467 1025 2473 1025
2531 2056 2244 2039 1776 2030
1606 2003 2121 2051 2813 2067
2003 2094 1805 2089 1202 2085
2588 2066 2589 2066 2589 2053 2720 2053
2866 2074 2045 2074 2045 2061 1759 2061
1469 3107 2451 3107 2451 3091 3037 3091
1505 3073 1665 3073 1665 3121 2095 3121
1316 3120 1317 3120 1317 3069 2262 3069
1778 3062 1578 3062 1578 3096 1370 3096
1900 3078 1804 3082 1736 3104
3883 1034 3882 1023 3770 1009
3106 1022 2903 1022 2903 1042 2682 1042
2509 990 2508 990 2508 1061 2470 1061
2557 1052 3005 1053 3340 1056
2220 1036 2220 1036 2220 973 2221 973
2783 2059 2906 2059 2906 2036 3562 2036
2428 2051 2721 2052 3553 2053
4034 2019 3641 2041 3620 2056
3657 2042 3428 2026 2674 2008
2675 2031 2587 2031 2587 2081 2464 2081
2400 3120 2643 3120 2643 3039 3666 3039
2389 3073 2793 3063 3698 3021
3741 3056 3740 3060 2132 3064
3915 3060 3914 3060 3914 3031 3714 3031
3264 3093 3265 3093 3265 3056 3431 3056
1029 1065 998 1065 998 1967 991 1967
998 295 997 1415 992 1605
1005 1844 1005 1166 1049 1166 1049 556
973 219 1000 945 1034 1163
977 579 1020 579 1020 694 1036 694
1065 2015 1029 2015 1029 1180 1017 1180
1028 2373 1028 1873 1001 1873 1001 1263
1030 2983 1023 2983 1023 2559 983 2559
990 2850 1003 2850 1003 1125 1010 1125
1031 3003 981 2706 977 2030
1030 3826 1049 3826 1049 2532 1052 2532
1071 3047 1070 3047 1070 2548 1066 2548
1032 2669 1031 2669 1031 2763 1029 2763
1048 3400 1018 3400 1018 3260 989 3260
1020 3353 1019 3159 991 2438
2050 624 2051 1135 2095 1631
2054 1359 2069 1359 2069 840 2092 840
2025 686 2026 1531 2026 1662
2011 1615 2017 1615 2017 1505 2036 1505
2021 783 2071 783 2071 1557 2077 1557
2090 2317 2090 1848 2057 1848 2057 1775
2031 2569 2034 2569 2034 1803 2052 1803
2087 2951 2080 2951 2080 2166 2061 2166
2054 1446 2047 1556 2046 2072
2043 2801 2043 2165 2078 2165 2078 1769
2013 3618 2014 2908 2027 2867
2085 3872 2038 3872 2038 2322 2008 2322
2072 2168 2071 2553 2071 3517
2064 3920 2063 2267 2045 2167
2094 2881 2093 2998 2039 3635
3111 714 3108 714 3108 1306 3070 1306
3039 1240 3039 1420 3114 1420 3114 1684
3082 1689 3046 1689 3046 1944 3036 1944
3058 727 3057 727 3057 267 3054 267
3060 433 3060 464 3046 464 3046 690
3102 2882 3081 2882 3081 1176 3076 1176
3029 2104 3048 2104 3048 1899 3075 1899
3035 2462 3030 2462 3030 2764 3029 2764
3096 2304 3096 2431 3122 2431 3122 2587
3109 1149 3109 1285 3121 1285 3121 1863
3069 2123 3068 2123 3068 2140 3050 2140
3054 2089 3063 2569 3096 2901
3080 3248 3078 2743 3064 2308
3052 2733 3051 2733 3051 2654 3032 2654
3074 2656 3071 2656 3071 3443 3061 3443
1586 2778 4057 2778 4057 671
1207 754 1207 2007 1275 2007 1275 2318
1524 3274 1524 2973 4087 2973 4087 2966
1363 3540 2654 3538 3622 2590
2468 2704 2468 2128 102 2128 102 1114
3711 3832 122 3832 122 1648 114 1648
92 868 92 1064 2987 1064 2987 1506
3859 1995 3859 1549 3204 1549 3204 880
1201 3320 3239 3320 3239 1785 3260 1785
1392 1523 1349 3075 407 3485
2171 777 2047 2846 2003 3417
225 3741 1033 2776 3636 1167
3061 897 3116 897 3116 3644 3741 3644
603 2488 3252 1648 4034 1529
2874 3851 3153 3851 3153 2247 3707 2247
2302 3228 1063 3228 1063 2382 747 2382
2351 3608 2367 3312 2441 3031
518 2440 715 2028 920 1650
1814 2799 3124 2799 3124 198 3552 198
1662 262 1662 826 1436 826 1436 1445
2343 1677 2479 1677 2479 1516 3865 1516
3695 4027 3814 4027 3814 946 3849 946
1269 1972 1269 2125 3013 2125 3013 2453
1091 1894 1092 1299 1456 402
261 155 1037 155 1037 2062 1323 2062
3259 101 3128 3560 2833 3766
3694 3998 3502 595 3179 436
2335 1846 2376 1628 2470 733
2626 3343 2626 3342 20 3342 20 1991
2278 1062 2535 1076 2923 2570
262 2377 586 2377 586 2281 1186 2281
1138 3746 1139 3746 1139 1500 1345 1500
1879 2533 1879 4023 3322 4023 3322 4024
72 3643 2239 2645 2996 1694
80 2821 80 1350 1269 1350 1269 1341
386 1341 2729 1341 2729 1372 3803 1372
682 935 1386 1366 1740 3051
211 3980 979 2919 1201 2833
3810 3444 3153 3547 79 4038
2685 1305 2109 1305 2109 3651 1973 3651
3712 3301 4043 3301 4043 3972 4049 3972
3178 4043 1255 4043 1255 3712 996 3712
233 369 2675 372 2770 406
2067 306 976 306 976 1883 641 1883
1364 3812 1202 3812 1202 4069 720 4069
3374 2205 3049 2205 3049 2134 1801 2134
4013 4012 1440 4012 1440 3219 1226 3219
568 1527 482 3025 460 3170
369 2605 369 2833 739 2833 739 3198
1279 1158 2017 1158 2017 652 2702 652
3600 3656 3600 2122 2318 2122 2318 2054
2766 737 3123 1786 3350 2608
3929 525 4024 546 4071 1078
3545 521 3545 553 3464 553 3464 2744
859 1408 352 1408 352 3874
719 1470 719 1618 2888 1618 2888 1763
373 3876 373 3875 645 3875 645 3555
2200 2904 3021 2904 3021 1176 3075 1176
2837 205 2087 624 1888 1777
127 599 3073 1000 3918 1187
1198 1835 1034 1835 1034 672 554 672
3947 2658 2415 972 1790 206
1109 1430 1109 2089 3615 2089 3615 3443
2671 2453 2110 2453 2110 4011 1672 4011
3968 2080 2136 2075 280 1352
606 3945 342 3945 342 563 331 563
3348 3684 3283 2976 2629 2864
3803 2096 2042 872 681 14
663 3666 3152 3666 3152 2588 3387 2588
3988 1797 3704 1756 3561 1738
3494 3566 2450 3188 1230 3127
2398 2798 754 2798 754 1438 106 1438
85 2442 85 2941 3812 2941 3812 3390
1380 3449 1381 3012 1387 2298
488 1017 1400 1018 3065 1386
2392 1221 3042 1221 3042 2430 3197 2430
3874 2688 3815 2905 2218 3029
738 768 1682 768 1682 2805 2616 2805
1711 2464 1711 2771 1972 2771 1972 3408
1475 1700 1475 1016 2063 1016 2063 524
612 2856 3845 2984 4000 2987
3305 2861 3158 2849 2928 2743
2065 1557 2064 1557 2064 52 580 52
1667 1504 1059 1902 723 2860
3302 3184 3713 3184 3713 1203 3756 1203
1859 1074 4080 1074 4080 2357 4081 2357
3262 2143 3262 2144 755 2144 755 2479
26 3030 27 2228 1388 1138
1211 194 1326 194 1326 172 1379 172
3138 2070 3138 1056 3883 1056 3883 988
2747 1465 2747 1423 1579 1423 1579 1394
1416 2256 762 2165 701 1921
351 535 351 1093 921 1093 921 3635
1050 2657 1050 2906 1385 2906 1385 3527
911 4006 1561 4006 1561 3905 1733 3905
1180 200 1182 200 1182 2932 1870 2932
294 3893 726 1614 1495 1600
846 2264 846 1073 3451 1073 3451 767
1106 3615 1070 3615 1070 2872 743 2872
1139 513 1139 898 1580 898 1580 1101
3544 3166 3499 3166 3499 982 3441 982
330 3673 2239 3673 2239 3472 2662 3472
3257 1809 3145 1589 1264 1134
1453 1620 1743 1620 1743 1450 2054 1450
184 464 2065 464 2065 771 3634 771
483 1092 515 1059 701 986
961 1565 1578 1493 2315 1444
3171 683 3198 982 3334 1374
788 1533 478 1113 104 54
1890 81 1683 314 1475 532
2202 1408 2598 1006 2997 95
1792 1873 3639 1873 3639 1679 3802 1679
3618 454 3702 509 3858 749
1819 1279 1058 1698 796 1784
3983 828 1112 828 1112 550 41 550
3304 2047 3995 2047 3995 1911 4001 1911
2139 223 2498 233 3702 567
1075 1902 1075 1723 3244 1723 3244 1597
2349 393 2349 1056 2730 1056 2730 1146
4000 777 4000 732 1288 732 1288 728
1788 809 1789 467 4046 7
104 463 2066 463 2066 687 3412 687
3657 978 3282 1170 3110 1284
2917 380 2902 380 2902 1604 2654 1604
791 1653 791 1720 3423 1720 3423 1823
1891 1160 2016 1077 2089 499
2670 965 2670 970 413 970 413 1072
3962 1337 3962 903 3675 903 3675 445
3544 1300 3544 992 3200 992 3200 599
1571 657 1637 622 1710 577
3872 557 2277 557 2277 457 1790 457
3586 1272 1939 1223 1868 448
160 313 1569 1187 3316 2042
3233 904 3606 1124 3931 1793
3984 320 3283 1015 2056 1636
2196 1519 675 1581 273 1613
3702 209 3702 406 3576 406 3576 748
2911 258 3055 880 3173 1063
764 1031 2119 1031 2119 1779 2124 1779
2443 335 2328 1172 304 1901
2744 910 2744 1292 3287 1292 3287 1579
3931 1402 3931 1593 2620 1593 2620 1719
2115 1161 2115 1133 1837 1133 1837 1004
1093 238 2469 248 3833 811
100 1754 100 1766 1919 1766 1919 1772
1213 2006 1213 1727 2375 1727 2375 1596
3920 1178 3920 1537 3437 1537 3437 1665
1313 146 1539 964 3594 1106
2608 1942 2608 1892 1658 1892 1658 1857
2067 142 2067 1023 3025 1023 3025 1070
454 1803 1171 1781 2417 1108
3146 1408 3150 133 3187 5
2674 130 2066 130 2066 205 1399 205
3956 233 3100 233 3100 723 1496 723
3842 417 3708 1551 2882 1968
2439 1619 2440 1619 2440 1690 2750 1690
1270 94 1194 94 1194 122 455 122
1170 1099 1095 1192 1078 1946
2980 1153 2980 861 2735 861 2735 860
2143 1467 2481 1021 3100 967
2958 1843 2958 1067 2147 1067 2147 10
3955 1543 3317 1560 2944 1575
3961 9 2679 9 2679 1075 2590 1075
3869 924 2671 895 2498 704
2269 320 2269 362 3674 362 3674 405
3061 691 3060 691 3060 1007 2876 1007
2886 190 2875 190 2875 1573 2665 1573
2663 139 2495 139 2495 887 2210 887
3196 528 3101 577 2907 1529
2765 1396 2765 1576 3237 1576 3237 1986
2244 622 2244 1347 2517 1347 2517 1725
3565 460 3565 806 3454 806 3454 1824
3850 628 3850 947 3821 947 3821 955
3500 1084 3500 893 3805 893 3805 149
3213 1513 2989 1545 2785 1828
2686 799 2686 796 2989 796 2989 42
3266 1156 3267 1156 3267 292 3584 292
4085 671 3573 643 2534 642
2494 728 2494 993 3450 993 3450 1405
3202 81 2846 81 2846 941 2771 941
3805 1491 3805 1014 2339 1014 2339 382
2133 366 2192 845 2213 1101
2383 1099 3960 1099 3960 1669 3988 1669
2968 1215 3045 1323 3286 1389
3298 1917 3298 994 2551 994 2551 939
2987 388 2983 134 2966 26
2256 817 2767 883 3311 885
4081 75 3606 206 3438 306
2426 521 2816 259 3510 51
3816 670 3815 670 3815 883 3708 883
2320 571 2982 481 3551 162
2149 809 3708 809 3708 425 3865 425
3048 861 3045 604 2818 581
2322 690 2926 679 3170 646
3523 752 2876 752 2876 967 2104 967
2782 244 2913 246 3037 951
3167 60 3167 61 2269 61 2269 269
3515 677 3515 645 2369 645 2369 612
2534 702 2535 702 2535 188 2624 188
2397 213 2498 213 2498 224 2723 224
2423 334 2423 229 2649 229 2649 50
2132 568 2131 568 2131 657 2101 657
2821 580 2988 439 3011 154
2088 280 2090 280 2090 561 2370 561
2654 90 2389 90 2389 445 2366 445
2512 59 2266 59 2266 204 2224 204
2368 212 2223 212 2223 151 2150 151
2928 234 2927 116 2743 103
2332 254 2312 254 2312 309 2210 309
2681 266 2682 266 2682 32 3016 32
3069 151 3013 121 2998 83
3054 186 2874 186 2874 407 2694 407
2966 378 2773 378 2773 379 2641 379
2616 393 2617 393 2617 413 2970 413
2756 216 2726 216 2726 73 2631 73
2769 352 2768 352 2768 75 2606 75
2628 213 2675 179 2704 110
2569 469 2609 469 2609 203 2626 203
2758 31 2758 72 2753 72 2753 370
2722 290 2721 292 2599 353
2581 505 2602 505 2602 267 2719 267
2562 462 2563 462 2563 308 2576 308
2751 458 2698 458 2698 349 2628 349
2635 501 2636 472 2667 370
2757 338 2755 338 2755 430 2745 430
2717 349 2738 346 2754 332
2786 290 2786 371 2723 371 2723 423
2740 292 2740 291 2713 291 2713 290
2698 502 2766 502 2766 406
2725 464 2722 464 2722 420 2720 420
2733 302 2732 302 2732 442 2705 442
2740 361 2731 361 2731 321 2714 321
2714 447 2714 327 2701 327 2701 265
2688 284 2694 290 2697 382
2747 286 2746 286 2746 299 2714 299
2694 331 2723 271 2726 266
2712 277 2734 277 2734 311 2737 311
2700 276 2704 264 2722 259
2688 331 2707 308 2719 297
2691 295 2712 294 2717 282
2720 296 2720 297 2705 297 2705 312
2713 269 2707 269 2707 291 2703 291
2713 265 2706 265 2706 270 2692 270
2707 268 2708 268 2708 310 2716 310
1318 1733 1524 1619 1571 1473
1376 1699 1176 1437 1129 1353
1427 1449 1385 1449 1385 1435 1375 1435
1386 1400 1385 1400 1385 1344 1329 1344
1292 1380 1293 1380 1293 1282 1461 1282
1413 1700 1414 1700 1414 1666 1467 1666
1605 1896 1590 1896 1590 2119 1391 2119
1140 1984 1199 1984 1199 1771 1517 1771
1319 2057 1443 2057 1443 1985 1473 1985
1359 2043 1457 2043 1457 2156 1558 2156
1217 1877 1218 1877 1218 1830 1436 1830
1159 2271 1163 2271 1163 2108 1189 2108
1261 2382 1260 2382 1260 2590 1157 2590
1342 2326 1342 2536 1540 2536 1540 2730
1188 2672 1352 2672 1352 2655 1373 2655
1330 2617 1486 2391 1547 2344
1467 2362 1468 2362 1468 2371 1515 2371
1535 2686 1534 2686 1534 2600 1473 2600
1442 3295 1441 3295 1441 3207 1213 3207
1131 3162 1230 2849 1268 2823
1153 2870 1153 2929 1219 2929 1219 3086
1474 3060 1385 3050 1155 2912
1286 3178 1286 3188 1526 3188 1526 3298
1585 3247 1568 3090 1269 3073
1651 1505 1651 1600 1738 1600 1738 1672
1814 1574 2016 1553 2051 1375
2070 1291 2070 1340 1884 1340 1884 1352
1682 1297 1682 1298 2115 1298 2115 1714
1687 1361 1687 1422 2006 1422 2006 1511
1775 1571 1776 1571 1776 1601 1878 1601
1910 1897 1910 1939 2120 1939 2120 2065
2061 1849 2060 1991 1806 2088
1996 1783 2013 1783 2013 1775 2081 1775
1825 1806 1825 1866 1769 1866 1769 2231
1924 2021 1758 2086 1665 2213
1694 1965 1658 1965 1658 2187 1650 2187
1791 2573 1906 2541 1978 2529
2065 2375 1829 2375 1829 2704 1624 2704
1662 2579 1950 2456 1999 2370
1879 2355 1936 2355 1936 2524 1974 2524
1799 2316 1800 2316 1800 2348 1814 2348
1821 2768 1950 2768 1950 2552 2087 2552
1985 3056 1830 3032 1708 3019
1698 3280 1724 3275 1994 3274
1922 3057 1913 3057 1913 2847 1711 2847
1976 3241 1975 3241 1975 3254 1630 3254
2037 3033 2036 3121 2000 3177
1864 2883 1864 3063 1723 3063 1723 3274
2291 1349 2378 1445 2448 1510
2375 1429 2374 1429 2374 1357 2242 1357
2146 1381 2147 1381 2147 1363 2216 1363
2263 1511 2307 1452 2455 1321
2521 1354 2520 1354 2520 1346 2505 1346
2186 1709 2197 1709 2197 1268 2557 1268
2496 1854 2429 1854 2429 1887 2218 1887
2584 1975 2407 1975 2407 1963 2203 1963
2632 1824 2517 1893 2138 1979
2361 1850 2361 1852 2185 1852 2185 2240
2403 1888 2403 1909 2204 1909 2204 2124
2282 1917 2360 1917 2360 2119 2514 2119
2427 2568 2501 2568 2501 2380 2619 2380
2351 2347 2315 2585 2247 2736
2495 2631 2339 2631 2339 2600 2138 2600
2448 2628 2484 2595 2563 2583
2442 2628 2340 2628 2340 2568 2124 2568
2593 2643 2590 2634 2569 2534
2376 3268 2334 3268 2334 3037 2321 3037
2583 3098 2583 2903 2380 2903 2380 2827
2500 3257 2473 3227 2413 3102
2296 3082 2296 3068 2202 3068 2202 2906
2224 3177 2273 3177 2273 3107 2439 3107
2318 3211 2318 3030 2508 3030 2508 2965
3103 1649 2965 1452 2933 1319
3119 1743 3113 1743 3113 1655 2674 1655
2760 1268 2776 1302 3043 1422
3012 1512 2906 1512 2906 1632 2730 1632
2675 1464 2690 1447 2693 1398
2655 1649 2946 1649 2946 1747 2962 1747
2942 2202 2958 2117 2967 1922
2877 2010 2878 2010 2878 2117 3038 2117
2836 1805 2992 1805 2992 1808 3090 1808
3028 2269 2885 2269 2885 1798 2838 1798
2878 1957 2951 1957 2951 1941 2993 1941
2762 1923 2714 1923 2714 1767 2707 1767
3041 2531 3058 2574 3108 2702
2836 2561 2870 2486 3009 2343
2811 2508 2872 2508 2872 2421 3079 2421
2874 2309 2873 2309 2873 2307 2854 2307
3115 2690 3114 2690 3114 2749 2755 2749
2825 2511 2850 2511 2850 2554 2911 2554
3124 2869 3124 3029 2811 3029 2811 3129
2956 3203 2955 3203 2955 2972 2875 2972
2715 2879 2715 3036 2646 3036 2646 3158
3068 2803 3055 2933 3033 3145
3020 2839 3011 3038 2949 3099
3113 2826 3024 2826 3024 3242 2998 3242
1975 1754 1752 1754 1752 1747 1504 1747
1295 1748 1296 1748 1296 1788 1588 1788
1753 1748 1976 1748 1976 1769 2065 1769
1948 1767 1805 1757 1411 1755
1703 1742 2088 1750 2114 1777
1134 2254 1138 2254 1138 2288 1151 2288
1160 2289 1235 2273 1322 2258
2110 2262 1566 2262 1566 2254 1514 2254
1144 2297 1143 2297 1143 2293 1120 2293
1676 2255 1728 2255 1728 2277 2096 2277
1164 2794 1164 2793 1994 2793 1994 2780
1438 2780 1626 2798 2094 2812
1957 2802 1546 2783 1545 2782
1596 2791 1472 2789 1321 2766
2035 2766 2035 2777 1159 2777 1159 2802
1741 1785 2019 1785 2019 1761 2569 1761
1853 1778 2035 1778 2035 1773 2265 1773
1771 1784 1773 1785 2591 1787
1724 1743 1724 1756 1772 1756 1772 1786
2025 1781 1889 1781 1889 1777
2486 2290 2397 2290 2397 2282 1742 2282
1888 2289 1882 2290 1663 2300
2486 2278 1963 2284 1770 2286
1974 2258 1975 2258 1975 2275 2274 2275
2082 2289 2451 2289 2451 2293 2454 2293
2413 2814 2453 2809 2528 2780
1746 2805 1746 2804 2102 2804 2102 2794
1730 2763 1801 2763 1801 2769 1987 2769
1816 2766 1816 2768 2444 2768 2444 2771
1833 2799 2196 2800 2557 2805
2756 1782 2756 1772 2237 1772 2237 1764
2720 1739 2249 1739 2249 1766 2242 1766
2340 1756 2341 1756 2341 1782 2343 1782
3020 1775 2828 1775 2828 1770 2291 1770
2478 1788 2479 1788 2479 1753 2550 1753
2664 2257 2585 2274 2585 2279
2398 2288 2399 2288 2399 2259 2471 2259
2582 2279 2583 2279 2583 2261 2869 2261
2304 2273 2271 2265 2211 2258
2978 2258 2988 2258 2988 2296 2997 2296
2865 2798 2864 2798 2864 2763 2472 2763
2231 2796 2171 2776 2161 2766
2806 2764 2195 2767 2159 2791
2126 2771 2127 2771 2127 2773 2420 2773
3086 2789 2587 2789 2587 2785 2417 2785
1635 2016 1635 2120 1585 2120 1585 2228
1608 1848 1623 1880 1627 1884
1615 1681 1604 1681 1604 2049 1592 2049
1611 2239 1612 2239 1612 1427 1613 1427
1634 2035 1634 2107 1606 2107 1606 2201
1589 2042 1587 2042 1587 2438 1586 2438
1602 2642 1603 2520 1606 2345
1623 2048 1622 1899 1605 1837
1609 2065 1610 2065 1610 1922
1595 2774 1604 2774 1604 2626 1606 2626
1588 2982 1590 2982 1590 2562 1616 2562
1632 3201 1618 3048 1612 2439
1602 2372 1602 2372 1602 3040 1630 3040
1624 2343 1602 2343 1602 3231 1587 3231
1618 2776 1594 2776 1594 2763
2097 2013 2104 1544 2112 1292
2137 1767 2138 1767 2138 1770
2096 1387 2097 1387 2097 1830 2103 1830
2134 1274 2133 1274 2133 1280 2132 1280
2139 1991 2137 1926 2118 1925
2114 2066 2114 2601 2142 2601 2142 2637
2142 2775 2111 2775 2111 2505
2134 2194 2133 2194 2133 1766 2132 1766
2117 2184 2118 2239 2120 2361
2129 2604 2129 2532 2132 2532 2132 1987
2138 2456 2138 2692 2100 2692 2100 2829
2117 2649 2118 2520 2125 2290
2146 3003 2143 3003 2143 3246 2137 3246
2133 2475 2133 2605 2127 2605 2127 2724
2129 2971 2112 2971 2112 2626 2110 2626
2653 1534 2653 1650 2656 1650 2656 1762
2629 1290 2640 1508 2643 1988
2633 1952 2634 1952 2634 1551 2651 1551
2654 1920 2651 1920 2651 1384 2619 1384
2630 2078 2627 2082 2621 2105
2641 2239 2641 2236 2643 2236 2643 1920
2654 2524 2653 2529 2630 2571
2633 2319 2624 2319 2624 1861 2610 1861
2618 1849 2620 1849 2620 2601 2646 2601
2647 1958 2646 1958 2646 2462 2632 2462
2655 3035 2645 2990 2636 2909
2628 2859 2627 2859 2627 2407 2626 2407
2621 2766 2622 2766 2622 3200 2641 3200
2643 2998 2642 2998 2642 3085 2637 3085
2629 2354 2630 2572 2642 2683
2726 2409 2677 2409 2677 2741 1212 2741
2581 1335 2816 1338 2839 2485
2801 1725 2775 1725 2775 2175 2627 2175
2388 1513 1739 1513 1739 1942 1467 1942
1301 2700 1371 2601 2883 1826
2418 2701 2545 2701 2545 1912 2575 1912
2296 1765 2290 1765 2290 1785 2244 1785
2714 2841 2088 2550 1604 1990
2544 1372 2573 2572 3113 2863
1322 1866 1322 1980 2413 1980 2413 2094
2247 1427 2247 1724 2815 1724 2815 3188
1435 2454 1435 2321 2931 2321 2931 1696
1464 1838 1667 1838 1667 2825 2878 2825
1735 2053 1699 2053 1699 2975 1698 2975
2102 1924 2103 3055 2303 3120
2192 2523 1855 2487 1725 1492
2015 2493 1392 2124 1329 1984
1667 2762 2564 2579 2576 2487
2463 1655 2460 1655 2460 1277 2317 1277
2639 1882 2639 1994 2272 1994 2272 2179
2699 2355 2699 2415 1696 2415 1696 2422
1517 3199 1412 2819 1339 1407
1127 3050 1162 2009 1222 1881
1372 1873 1370 1863 1305 1850
1833 2215 1727 2528 1259 3181
1618 1893 1586 2354 1469 2476
1547 2109 1585 1786 1814 1726
2091 1345 1961 3064 1701 3086
2017 2542 1933 1896 1874 1778
1788 1424 1646 1424 1646 2797 1485 2797
1585 2238 1549 2243 1524 2297
1309 2722 1566 3041 1829 3142
1880 1930 1659 2004 1567 2260
1765 1837 1765 1787 1475 1787 1475 1728
1181 1601 1274 1450 1564 1417
1515 1704 1516 1711 1983 1719
1529 1492 1717 1492 1717 1599 1945 1599
1340 1484 1664 1484 1664 1654 1858 1654
1978 1404 1977 1554 1865 1616
1982 1412 1827 1339 1515 1271
1385 1710 1399 1710 1399 1468 1663 1468
1754 1513 1754 1512 2083 1512 2083 1456
1707 1461 1707 1423 1814 1423 1814 1383
1983 1310 1984 1310 1984 1299 2026 1299
1835 1521 1835 1419 1779 1419 1779 1391
1610 1630 1723 1386 1796 1373
1845 1472 1856 1472 1856 1521 1946 1521
1891 1253 1861 1314 1753 1387
1835 1378 1836 1378 1836 1334 1913 1334
1762 1485 1762 1471 2044 1471 2044 1376
2041 1309 1722 1309 1722 1505 1622 1505
2039 1390 1778 1390 1778 1420 1734 1420
2113 1368 2036 1363 1961 1311
2044 1269 1991 1269 1991 1353 1838 1353
1623 1279 1623 1276 1867 1276 1867 1267
1919 1380 1992 1380 1992 1319 2000 1319
1707 1359 1708 1359 1708 1297 1825 1297
2112 1314 2112 1266 1791 1266 1791 1260
1847 1281 1846 1298 1789 1313
1908 1284 1909 1284 1909 1292 2049 1292
1838 1289 1728 1282 1654 1275
1611 1305 1611 1290 2118 1290 2118 1275
1776 1254 1673 1270 1649 1274
1777 1253 1873 1260 1951 1274
1789 1284 1892 1284 1892 1267 1981 1267
1729 1281 1730 1281 1730 1265 1774 1265
2068 1257 1971 1257 1971 1262 1747 1262
