4096 4096
1123
619 1017 619 1016 130 1016 130 66
3 472 3 504 936 504 936 831
607 855 607 854 563 854 563 535
200 807 200 808 63 808 63 996
866 320 866 168 119 168 119 102
227 98 227 99 893 99 893 124
17 293 17 869 159 869 159 881
353 371 353 986 554 986 554 995
267 826 267 351 608 351 608 307
538 968 538 967 1019 967 1019 638
28 975 28 914 531 914 531 720
651 125 651 126 996 126 996 1012
1004 556 1004 557 22 557 22 793
858 191 858 263 14 263 14 488
893 770 893 771 684 771 684 885
403 351 403 350 181 350 181 211
154 186 161 186 161 952 771 952
173 668 173 673 1006 673 1006 692
884 995 884 985 475 985 475 915
674 33 766 33 766 654 1009 654
224 183 224 264 628 264 628 893
543 30 630 30 630 764 849 764
599 865 562 865 562 447 398 447
857 503 857 301 396 301 396 272
213 959 342 959 342 915 714 915
503 302 503 352 372 352 372 894
551 921 629 921 629 619 813 619
845 131 845 132 917 132 917 228
561 48 561 49 290 49 290 227
690 668 690 667 837 667 837 169
252 262 252 261 504 261 504 101
89 785 89 784 123 784 123 634
753 73 753 74 32 74 32 928
558 562 558 534 94 534 94 156
59 991 59 966 867 966 867 737
8 1453 8 1340 723 1340 723 1303
185 1464 185 1902 766 1902 766 1996
205 1178 205 1343 482 1343 482 1363
964 1089 964 1382 340 1382 340 1870
1003 1067 990 1067 990 1810 921 1810
259 1416 259 1896 855 1896 855 2006
795 1116 795 1117 82 1117 82 1333
842 1762 842 1761 848 1761 848 1527
611 1303 611 1302 362 1302 362 1275
353 1895 353 1380 599 1380 599 1157
126 1839 126 1838 339 1838 339 1825
330 1038 330 1039 323 1039 323 1568
658 1503 718 1503 718 1742 953 1742
360 1597 360 1469 902 1469 902 1448
829 1865 829 1785 453 1785 453 1549
703 1603 703 1604 472 1604 472 1978
301 1338 612 1338 612 1263 777 1263
960 1493 960 1399 184 1399 184 1374
785 1767 785 1768 379 1768 379 1819
150 1873 150 1262 927 1262 927 1178
543 2046 543 2017 1016 2017 1016 1874
501 1369 352 1369 352 1871 320 1871
178 1968 178 1967 441 1967 441 1523
681 1803 681 1802 270 1802 270 1400
300 1739 448 1739 448 1524 571 1524
130 1258 130 1344 684 1344 684 1380
988 1048 664 1048 664 1068 37 1068
343 1380 343 1368 547 1368 547 1115
695 1074 695 1075 876 1075 876 1952
100 1341 123 1341 123 1624 447 1624
698 1139 698 1381 421 1381 421 1674
365 1318 365 1319 294 1319 294 1322
934 1874 828 1874 828 1787 609 1787
558 1629 558 1630 540 1630 540 2020
897 1372 897 1371 795 1371 795 1287
196 2256 196 2257 79 2257 79 2817
92 2220 185 2220 185 2619 243 2619
887 2218 887 2265 123 2265 123 2736
971 3043 971 3042 490 3042 490 2725
524 2163 664 2163 664 2575 1002 2575
602 2995 602 2450 345 2450 345 2427
12 2856 13 2856 13 2847 786 2847
63 2180 86 2180 86 2740 688 2740
114 2108 614 2108 614 2515 643 2515
1011 2558 976 2558 976 2870 871 2870
781 2329 781 2397 852 2397 852 2724
676 2707 676 2706 613 2706 613 2481
36 2986 36 2836 413 2836 413 2543
356 2297 332 2297 332 2542 317 2542
505 2877 505 2876 547 2876 547 2548
597 3071 597 3070 347 3070 347 2497
1021 2253 1021 2364 826 2364 826 2396
352 2451 548 2451 548 2859 730 2859
387 2095 387 2096 274 2096 274 2709
685 2670 685 2671 719 2671 719 2728
12 2584 12 2948 926 2948 926 2965
986 2725 754 2725 754 2339 185 2339
362 2886 362 2996 925 2996 925 3033
418 2975 418 2974 808 2974 808 2777
433 2412 393 2412 393 2102
484 2947 484 2885 87 2885 87 2837
824 2192 824 2200 961 2200 961 2363
186 3014 186 3013 60 3013 60 2248
411 2711 411 2542 566 2542 566 2185
663 2514 663 2441 28 2441 28 2260
702 2324 702 2298 999 2298
330 2997 330 2996 10 2996 10 2075
1013 2666 1013 2871 862 2871 862 2914
586 2166 586 2167 469 2167 469 2329
46 4018 46 3634 172 3634 172 3616
410 3789 410 3790 458 3790 458 3876
49 3640 74 3640 74 3684 292 3684
59 3970 59 3787 81 3787 81 3077
259 3368 259 3369 147 3369 147 3439
262 4063 293 4063 293 3281 512 3281
74 3823 74 3788 666 3788 666 3683
634 3076 634 3171 234 3171 234 3657
783 4036 783 4035 825 4035 825 3087
764 3991 224 3991 224 3599 131 3599
175 3241 175 3331 373 3331 373 3340
285 3824 285 3895 798 3895 798 3919
779 3443 779 3992 662 3992 662 4094
591 3894 591 3449 446 3449 446 3201
292 3628 292 3627 535 3627 535 3450
185 3642 185 3643 128 3643 128 3776
410 3480 433 3480 433 3240 847 3240
682 3629 682 3200 123 3200 123 3106
147 3635 147 3636 89 3636 89 3672
722 3198 722 3197 69 3197 69 3178
784 3257 784 3400 1011 3400 1011 3408
218 3764 218 3615 108 3615 108 3151
799 3874 799 3873 10 3873 10 3487
339 3966 339 3971 35 3971 35 3998
432 3456 432 3457 141 3457 141 3547
493 3492 493 3491 358 3491 358 3337
192 3330 192 3199 691 3199 691 3148
893 3970 893 3442 495 3442 495 3298
404 3609 494 3609 494 3405 899 3405
612 3597 241 3597 241 3491 155 3491
373 3854 373 3787 598 3787 598 3385
3 3520 3 4064 675 4064 675 4088
1806 642 1806 641 2042 641 2042 505
1462 768 1462 767 1149 767 1149 739
1538 472 1538 473 1681 473 1681 575
1567 664 1567 663 1202 663 1202 542
1945 498 1945 499 1831 499 1831 514
1118 833 1118 832 1784 832 1784 748
1115 780 1115 701 1969 701 1969 522
1564 454 1489 454 1489 817 1483 817
1711 132 1711 133 1113 133 1113 771
1224 978 1224 592 1349 592 1349 219
1771 241 1771 455 1490 455 1490 825
1813 920 1787 920 1787 361 1600 361
1645 199 1645 238 1914 238 1914 854
1225 310 1225 311 1975 311 1975 633
1438 164 1210 164 1210 234 1184 234
1635 859 1635 858 1473 858 1473 359
1174 319 1174 320 1172 320 1172 391
1221 673 1476 673 1476 448 1763 448
1482 375 1482 376 1186 376 1186 809
1659 168 1665 168 1665 232 1673 232
1742 950 1742 949 1459 949 1459 897
1512 154 1512 155 1052 155 1052 466
1195 112 1513 112 1513 388 1654 388
1826 34 1826 33 1504 33 1504 0
1916 841 1916 840 2015 840 2015 755
1292 573 1292 218 1361 218 1361 165
1636 582 1636 583 1554 583 1554 616
1072 945 1072 896 1652 896 1652 514
2031 415 1474 415 1474 593 1280 593
1622 48 1292 48 1292 892 1198 892
1803 262 1746 262 1746 863 1676 863
1867 558 1867 559 1692 559 1692 570
1898 1786 1108 1786 1108 1667 1043 1667
1828 1452 1828 1423 1378 1423 1378 1339
1177 1919 1178 1919 1178 1042 1186 1042
1127 1934 1127 1724 1824 1724 1824 1578
1117 1079 1117 1080 1035 1080 1035 1659
1693 1338 1578 1338 1578 1695 1481 1695
1849 1139 1849 1252 1432 1252 1432 1904
1666 1546 1666 1400 1463 1400 1463 1124
1659 1258 1291 1258 1291 1432 1261 1432
1211 1475 1211 1406 1575 1406 1575 1358
1583 1250 1583 1251 1039 1251 1039 1331
2010 1947 1657 1947 1657 1045 1246 1045
1620 1674 1620 1649 1253 1649 1253 1034
1917 2035 1917 2034 1976 2034 1976 1653
1960 1627 1960 1626 1177 1626 1177 1438
1719 1782 1719 1773 1969 1773 1969 1221
1224 1417 1224 1473 1483 1473 1483 1498
1098 1480 1098 1789 1674 1789 1674 1857
1695 1078 1695 1493 1842 1493 1842 1504
1314 1650 1314 1867 1393 1867 1393 1932
1979 1533 1979 1775 1963 1775 1963 1875
1861 1975 1861 1382 1790 1382 1790 1337
1399 2037 1970 2037 1970 1348 2027 1348
1614 1929 1614 1921 1062 1921 1062 1825
1950 1673 1621 1673 1621 1462 1359 1462
1506 1402 1506 1401 1030 1401 1030 1363
1071 1157 1110 1157 1110 1765 1826 1765
1113 1133 1266 1133 1266 1899 1476 1899
1502 2042 1502 1703 1716 1703 1716 1495
1818 1865 1818 1788 1589 1788 1589 1055
1245 1995 1245 1836 1728 1836 1728 1810
2000 1182 2000 1183 1259 1183 1259 1515
1818 1077 1818 1102 1086 1102 1086 2013
1206 2189 1206 2339 1749 2339 1749 2401
1589 2619 1589 2806 1992 2806 1992 2863
1176 2122 1176 2767 1411 2767 1411 2812
1182 2730 1182 2596 1584 2596 1584 2497
1457 2315 1457 2316 1576 2316 1576 2356
1831 2749 1831 2533 1993 2533 1993 2119
1461 2678 1461 2679 1305 2679 1305 2980
1066 2915 1248 2915 1248 2754 1482 2754
1489 2094 1489 2093 1157 2093 1157 2084
1981 2536 1981 2803 1896 2803 1896 2944
1429 2084 1429 2072 1101 2072
1746 2609 1746 2531 1964 2531 1964 2460
1658 2771 1658 2753 1203 2753 1203 2666
1173 2166 1388 2166 1388 2338 1783 2338
1497 2873 1642 2873 1642 3039 1706 3039
1443 2987 1443 2253 1696 2253 1696 2176
1063 2305 1063 2252 1763 2252 1763 2182
1461 2930 1461 2929 1453 2929 1453 2688
1207 2967 1207 3002 1323 3002 1323 3050
1155 3058 1113 3058 1113 2328 1106 2328
1672 2655 1672 2354 2015 2354 2015 2299
1747 2614 1747 2618 1099 2618 1099 2691
1806 2773 1661 2773 1661 2156 1613 2156
1372 2535 1476 2535 1476 2256 1537 2256
1677 2453 1677 2454 1694 2454 1694 2562
1933 2664 1933 2663 1911 2663 1911 2534
1036 2969 1036 2528 1998 2528 1998 2518
1346 2073 1346 2120 1880 2120 1880 2162
1234 2284 1234 2290 1064 2290 1064 2610
1935 2376 1935 2444 1700 2444 1700 2658
1507 2794 1507 2752 1260 2752 1260 2597
1911 2318 1911 2319 1070 2319 1070 2871
1548 2859 1548 2822 1114 2822 1114 2500
1209 3001 1699 3001 1699 2775 1816 2775
1028 2468 1029 2468 1029 2312 1927 2312
1211 3436 1211 3435 1266 3435 1266 3411
1796 3171 1796 3202 1147 3202 1147 3428
1461 3280 1492 3280 1492 4033 1884 4033
1101 3457 1101 3614 1698 3614 1698 3696
1750 3754 1750 3753 1509 3753 1509 3686
1203 3894 1203 3893 1490 3893 1490 3860
1108 3449 1108 3615 1220 3615 1220 3744
1768 3675 1768 3369 1579 3369 1579 3091
1406 3328 1406 3541 1196 3541 1196 3613
1991 3940 1767 3940 1767 3415 1460 3415
1860 3397 1813 3397 1813 3129 1693 3129
1675 3286 1675 3287 1783 3287 1783 3401
1772 3747 1772 3748 2020 3748 2020 4022
1038 3623 1038 4047 1793 4047 1793 4061
1127 3517 1127 4034 1718 4034 1718 4046
1822 3366 1822 3411 1537 3411 1537 3578
1745 3845 1745 3811 1294 3811 1294 3094
1162 3393 1162 3206 1557 3206 1557 3074
1744 3642 1744 3641 1751 3641 1751 3161
1168 3479 1388 3479 1388 3370 1711 3370
1113 3537 1113 3478 1309 3478 1309 3411
1313 3103 1313 3108 1559 3108 1559 3340
1539 3939 1539 3938 1650 3938 1650 3266
1483 3649 1589 3649 1589 4092 1904 4092
1151 3076 1151 3785 1184 3785 1184 3855
1972 3221 1971 3221 1971 3223 1869 3223
1985 3190 1984 3190 1984 3782 1354 3782
1724 3876 1793 3876 1793 3434 1812 3434
1985 3759 1985 3783 1170 3783 1170 3784
1854 4040 1854 3128 1760 3128 1760 3072
1548 3111 1107 3111 1107 3991 1033 3991
3071 594 3071 149 3037 149 3037 131
2321 969 2321 909 2995 909 2995 867
2213 807 2213 806 2236 806 2236 79
2534 790 2232 790 2232 718 2075 718
2942 417 2942 405 2402 405 2402 323
2440 889 2440 955 3011 955 3011 995
2521 438 2521 446 2166 446 2166 740
2960 934 2960 933 2528 933 2528 932
2318 20 2318 21 2252 21 2252 428
2324 323 2324 329 2704 329
2616 5 2616 6 2582 6 2582 60
2800 538 2800 700 2723 700 2723 896
2366 906 2366 888 2443 888 2443 682
3059 463 3059 153 2271 153 2271 134
3049 795 3035 795 3035 78 2984 78
2278 543 2273 543 2273 96 2268 96
2390 479 2338 479 2338 540 2313 540
2698 661 2698 701 2828 701 2828 718
2835 948 2762 948 2762 930 2579 930
2963 499 2963 498 2982 498 2982 104
2600 964 2600 962 2490 962 2490 290
2894 319 2894 562 2076 562 2076 642
2387 860 2073 860 2073 135 2067 135
2186 1012 2186 1011 2193 1011 2193 748
2962 797 2962 824 2474 824 2474 832
2179 159 2179 574 2754 574 2754 699
2140 15 2441 15 2441 949 2944 949
2609 823 2609 736 2898 736 2898 334
2543 574 2543 575 2646 575 2646 819
2868 626 2868 537 2411 537 2411 481
2123 314 2270 314 2270 342 2456 342
2390 328 2390 243 2891 243 2891 180
2313 263 2313 974 2951 974 2951 999
2446 628 2446 611 2135 611 2135 143
2929 654 2929 30 2365 30 2365 24
2817 368 2817 367 2832 367 2832 94
2875 1900 2875 1899 2817 1899 2817 1866
2474 1089 2131 1089 2131 1965 2113 1965
2456 1999 2142 1999 2142 1377 2059 1377
2077 1507 2197 1507 2197 1542 2888 1542
2804 1152 2764 1152 2764 2012 2549 2012
2728 1365 2728 1764 2653 1764 2653 1981
2943 1814 2932 1814 2932 1129 2519 1129
2179 1556 2179 1726 2791 1726 2791 1941
2210 1482 2210 1481 2181 1481 2181 1386
2352 1908 2352 1907 2348 1907 2348 1702
2711 2002 2711 1752 2549 1752 2549 1454
2915 1188 2915 1478 2776 1478 2776 2044
2406 1993 2406 1992 2288 1992 2288 1924
2936 1869 2906 1869 2906 1310 2439 1310
2461 1456 2461 1128 3064 1128 3064 1062
2793 1477 2793 1476 2873 1476 2873 1130
2458 1211 2652 1211 2652 1627 2685 1627
2346 2028 2346 2027 2302 2027 2302 1653
2274 1745 2763 1745 2763 1921 3005 1921
2975 1054 2975 1069 2203 1069 2203 1475
2987 1396 2987 1053 2412 1053 2412 1028
3034 1327 3034 1901 2822 1901 2822 2000
2247 1851 2464 1851 2464 1273 2775 1273
2493 1592 2493 1593 2507 1593 2507 1979
2816 1189 2816 1188 2172 1188 2172 1174
2379 1332 2379 1336 2596 1336 2596 1858
2221 1833 2221 1533 2717 1533 2717 1506
2489 1313 2759 1313 2759 1882 2894 1882
2968 1027 2968 1902 2825 1902 2825 2020
2220 1992 2220 1210 3020 1210 3020 1179
2324 1707 2324 1126 2478 1126 2478 1094
2207 1039 2217 1039 2217 1528 2286 1528
2696 1763 2609 1763 2609 1861 2557 1861
2285 2792 2246 2792 2246 2388 2142 2388
2278 2979 2278 2960 2549 2960 2549 2154
2788 2334 2788 2705 2445 2705 2445 2774
2824 2835 2824 2834 2566 2834 2566 2742
2291 2248 2479 2248 2479 2177 2544 2177
2112 2569 2112 2650 2915 2650 2915 2657
2187 2366 2193 2366 2193 3012 2355 3012
2650 2830 2581 2830 2581 2189 2329 2189
2377 2672 2377 2673 2278 2673 2278 2687
2898 2619 2898 2836 2260 2836 2260 2896
2797 2436 2797 2706 2604 2706 2604 2828
2505 2186 2916 2186 2916 2927 2977 2927
2312 2963 2312 2962 2995 2962 2995 2137
2212 2827 2232 2827 2232 2083 2359 2083
2301 2982 2494 2982 2494 2841 2844 2841
2684 2613 2684 2831 2637 2831 2637 2938
2855 2246 2617 2246 2617 2126 2185 2126
2150 2413 2150 2346 2535 2346 2535 2196
2284 2885 2286 2885 2286 2183 2377 2183
2899 2440 2565 2440 2565 2877 2275 2877
2553 2959 2114 2959 2114 2096 2089 2096
2120 2679 2120 2671 2683 2671 2683 2391
2935 2820 2922 2820 2922 2377 2371 2377
2287 2353 2727 2353 2727 2826 2786 2826
2571 2494 2571 2474 2093 2474 2093 2456
2115 2367 2115 2333 3031 2333 3031 2158
2170 2905 2170 2903 2833 2903 2833 2532
2341 2611 2547 2611 2547 2597 2843 2597
2435 2113 2435 2114 2367 2114 2367 2143
2708 2950 2708 2841 2678 2841 2678 2571
2155 2801 2866 2801 2866 2611 2985 2611
3059 3676 3059 4002 2406 4002
2980 3763 2811 3763 2811 4061 2437 4061
2559 4022 2350 4022 2350 3172 2318 3172
2967 3740 2866 3740 2866 3678 2643 3678
2263 3649 2263 3648 2447 3648 2447 3392
2347 3454 2347 4051 2754 4051 2754 4054
2651 3254 2368 3254 2368 3885 2096 3885
3021 3147 2980 3147 2980 3748 2774 3748
2582 3343 2445 3343 2445 3580 2409 3580
2906 3989 2906 4024 2388 4024
2909 3250 2909 3249 2901 3249 2901 3166
2406 3130 2406 3306 2875 3306 2875 4091
2992 4034 2992 4035 2812 4035 2812 4075
2567 3468 2567 3672 2274 3672 2274 3991
2766 3229 2766 3251 2939 3251 2939 3736
3030 3826 3030 3312 3047 3312 3047 3092
2450 3937 2450 3936 2760 3936 2760 3447
2386 4007 2386 3988 3032 3988 3032 3313
2305 3319 2305 3340 2481 3340 2481 3573
2658 3082 2658 3269 2271 3269 2271 3831
3023 3172 3023 3146 2647 3146 2647 3092
2741 3242 2478 3242 2478 3820 2376 3820
2867 3710 2867 3391 2072 3391 2072 3373
2992 3954 2989 3954 2989 3361 2981 3361
2347 3736 2348 3736 2348 3707 2697 3707
2269 3201 2269 4062 2744 4062 2744 4085
2575 3801 2575 3802 2505 3802 2505 3892
2171 3356 2171 3992 2533 3992 2533 4001
2176 3905 2576 3905 2576 3412 2777 3412
2099 3948 2099 3904 2561 3904 2561 3528
2431 3311 2431 3341 2475 3341 2475 3804
3049 4084 3049 4083 3006 4083 3006 3346
2472 3304 2472 3305 2685 3305 2685 4050
2469 3338 2469 3339 2764 3339 2764 3810
2967 3129 2967 3413 2599 3413 2599 3488
3501 805 3501 598 3097 598 3097 39
3595 81 3595 82 3274 82 3274 101
4082 378 4082 319 3288 319 3288 290
3960 450 3960 444 3210 444 3210 427
3437 323 3437 324 3326 324 3326 549
3943 837 3943 238 3747 238 3747 107
3971 587 3971 231 3817 231 3817 88
4083 775 4083 4 3085 4 3085 3
3347 278 3347 279 3133 279 3133 594
3151 238 3151 239 3852 239 3852 439
3659 43 3659 83 3383 83 3383 218
3166 134 3595 134 3595 952 3694 952
3142 372 3142 455 3618 455 3618 481
4020 545 4020 50 3271 50 3271 44
3088 231 3125 231 3125 991 3285 991
3092 992 3092 977 4056 977 4056 178
3489 584 3489 453 4049 453 4049 452
3497 883 3497 854 3806 854 3806 423
3861 77 3861 76 3230 76 3230 71
3602 581 3602 148 3723 148 3723 38
3296 873 3296 291 3655 291 3655 183
3340 438 3340 440 3898 440 3898 788
3450 812 3450 811 3241 811 3241 765
3966 478 3966 479 3753 479 3753 741
3654 528 3654 678 3509 678 3509 782
3966 250 3966 251 4034 251 4034 290
3978 575 3978 789 3651 789
3128 99 3704 99 3704 853 3781 853
3497 372 3497 373 3538 373 3538 794
3103 895 3103 894 3522 894 3522 596
3980 601 3980 232 3342 232 3342 215
3827 357 3827 406 3661 406 3661 431
3366 410 3366 411 3331 411 3331 691
4091 319 4091 925 3632 925 3632 937
3853 1207 3845 1207 3845 1479 3620 1479
3776 1321 3776 1322 3855 1322 3855 1536
3291 1422 3704 1422 3704 1079 3956 1079
3355 1162 3355 1163 3937 1163 3937 1786
3723 1734 3723 1589 3846 1589 3846 1539
3075 1763 3091 1763 3091 1953 3994 1953
3294 2010 3294 2009 3962 2009 3962 1420
3383 1897 3989 1897 3989 1326 4007 1326
3227 1038 3257 1038 3257 1466 3422 1466
3224 1528 3224 1960 3820 1960 3820 1999
4062 1700 4062 1078 3932 1078 3932 1062
3159 1367 3159 1368 3232 1368 3232 1880
4015 1233 4015 1162 3709 1162 3709 1122
3989 1150 3989 1151 4079 1151 4079 1503
4014 1289 3698 1289 3698 1804 3616 1804
3108 1419 3120 1419 3120 1910 3183 1910
4049 1623 4049 1106 3782 1106 3782 1049
3120 2013 3438 2013 3438 1961 3481 1961
3160 1146 3233 1146 3233 1456 3399 1456
4056 1167 4056 1670 3863 1670 3863 1702
3433 1841 3382 1841 3382 1959 3291 1959
3472 1217 3265 1217 3265 1075 3130 1075
3320 1692 3320 1571 3518 1571 3518 1423
3568 1691 3568 1690 3435 1690 3435 1236
3615 1698 3286 1698 3286 1556 3224 1556
3908 1517 3908 1320 3491 1320 3491 1270
3662 1809 3662 1842 3415 1842 3415 2013
3846 1222 3846 1223 3863 1223 3863 1527
3609 1830 3609 1829 3505 1829 3505 1711
3906 1597 3906 1598 3734 1598 3734 1616
3638 1782 3638 1697 3389 1697 3389 1572
3959 1210 3959 1590 3729 1590
4007 1849 4007 1795 3804 1795 3804 1502
3474 2147 3474 2148 4076 2148 4076 2910
3728 2397 3728 2396 3257 2396 3257 2200
3259 2339 3259 2246 3718 2246 3718 2169
3543 2634 3543 2706 3790 2706 3790 2770
3105 2675 3414 2675 3414 2131 3485 2131
3241 2176 3299 2176 3299 2212 3877 2212
3273 2066 3273 2758 3494 2758 3494 2943
3526 2756 3526 2245 3712 2245 3712 2096
3307 2985 3307 2969 3903 2969 3903 2236
3727 2675 3727 2674 3783 2674 3783 2303
3233 2152 3233 2506 3573 2506 3573 2705
3348 2067 3348 2068 3949 2068 3949 2447
3787 2647 3787 2648 3449 2648 3449 2673
3376 2681 3376 2757 3601 2757 3601 2819
3191 2660 3191 2659 3332 2659 3332 2589
3095 2194 3095 2609 3150 2609 3150 2647
3983 2993 3983 2992 3816 2992 3816 2794
3475 2662 3475 2745 3159 2745 3159 2821
3300 2674 3300 2676 3122 2676 3122 2921
3284 2580 3284 2581 3929 2581 3929 2849
3838 2936 3838 2937 4014 2937 4014 2967
3897 2234 3897 2247 3645 2247 3645 2301
3932 2816 3932 2233 3298 2233 3298 2181
3292 2505 3292 2504 3779 2504 3779 2337
3443 3001 3443 3000 4068 3000 4068 2706
3899 2097 3899 2098 3914 2098 3914 2529
3892 2279 3782 2279 3782 2616 3737 2616
3699 2999 3699 2998 3402 2998 3402 2970
3441 2294 3442 2294 3442 2756 3515 2756
3765 2057 3765 2058 3285 2058 3285 2412
3287 2963 3303 2963 3303 2938 3569 2938
3377 3286 3570 3286 3570 3257 3848 3257
3701 4093 3701 3196 3522 3196
3839 3821 3839 3820 3952 3820 3952 3599
3200 3684 3250 3684 3250 3322 3404 3322
3192 3330 3192 3733 3418 3733 3418 3906
3630 3543 3630 3907 3414 3907 3414 4075
3855 3931 3855 3195 3476 3195 3476 3165
3757 3958 3757 3957 3715 3957 3715 3698
3093 3336 3093 3925 3145 3925 3145 4009
3667 3390 3571 3390 3571 4016 3556 4016
3360 3634 3360 3633 3323 3633 3323 3346
3628 4056 3628 4055 3923 4055 3923 3362
3598 3218 3319 3218 3319 3265 3076 3265
3167 3886 3251 3886 3251 3652 3316 3652
3653 3216 3653 3219 3320 3219 3320 3255
3542 3596 3542 3405 3263 3405 3263 3361
3300 3210 3300 3287 3534 3287 3534 3670
3240 3097 3240 3098 3484 3098 3484 3116
3389 3407 3389 3406 3207 3406 3207 3372
3662 3751 3662 3443 3979 3443 3979 3150
3103 3924 3103 3923 3638 3923 3638 3830
3858 3883 3745 3883 3745 3642 3717 3642
3730 3107 3730 3108 3727 3108 3727 4052
3533 3970 3833 3970 3833 3243 4018 3243
3955 3435 3955 3432 3091 3432 3091 3428
3347 3092 3347 3093 4048 3093 4048 4020
3954 3602 3954 3097 3393 3097 3393 3096
3915 4060 3915 4059 4041 4059 4041 3324
3353 3732 3473 3732 3473 3648 3827 3648
3173 3475 3173 3742 3095 3742 3095 3762
3590 3134 3590 3135 3998 3135 3998 3736
3500 3109 3510 3109 3510 3560 3587 3560
3295 4015 3295 3731 3466 3731 3466 3656
3160 3433 3174 3433 3174 3760 3238 3760
3131 4050 3131 4049 3305 4049 3305 3773
4006 3937 3744 3937 3744 3770 3646 3770
425 1063 603 1063 603 1009 1888 1009
1249 978 1249 979 423 979 423 985
1321 1071 1321 1064 4 1064 4 1042
1991 991 1177 991 1177 1060 584 1060
1079 1038 1079 1039 479 1039 479 1044
478 2020 1087 2020 1087 2005 1845 2005
1548 2019 1548 2063 257 2063
2 2039 1431 2039 1431 2081 1445 2081
1892 2007 1664 2007 1664 2087 389 2087
1603 2010 1318 2010 1318 2047 245 2047
1703 3114 1703 3072 72 3072 72 3030
1436 3042 1436 3043 1429 3043 1429 3057
1217 3101 1217 3075 523 3075 523 3074
1894 3085 1894 3086 1993 3086 1993 3100
84 3067 84 3066 1037 3066 1037 3021
1905 1017 2218 1017 2218 1068 2686 1068
1749 988 1749 989 2202 989 2202 1003
2071 983 2125 983 2125 1043 2217 1043
1256 1056 1256 987 1780 987 1780 983
1891 1048 2222 1048 2222 1025 2473 1025
2531 2056 2531 2055 1776 2055 1776 2030
1606 2003 1893 2003 1893 2067 2813 2067
2003 2094 2003 2092 1202 2092 1202 2085
2588 2066 2588 2065 2720 2065 2720 2053
2866 2074 2866 2073 1759 2073 1759 2061
1469 3107 1469 3105 3037 3105 3037 3091
1505 3073 1580 3073 1580 3121 2095 3121
1316 3120 1371 3120 1371 3069 2262 3069
1778 3062 1778 3063 1370 3063 1370 3096
1900 3078 1900 3079 1736 3079 1736 3104
3883 1034 3882 1034 3882 1009 3770 1009
3106 1022 2712 1022 2712 1042 2682 1042
2509 990 2509 1026 2470 1026 2470 1061
2557 1052 2988 1052 2988 1056 3340 1056
2220 1036 2220 1035 2221 1035 2221 973
2783 2059 2930 2059 2930 2036 3562 2036
2428 2051 2428 2052 3553 2052 3553 2053
4034 2019 4034 2047 3620 2047 3620 2056
3657 2042 3657 2030 2674 2030 2674 2008
2675 2031 2675 2057 2464 2057 2464 2081
2400 3120 3038 3120 3038 3039 3666 3039
2389 3073 2997 3073 2997 3021 3698 3021
3741 3056 3741 3057 2132 3057 2132 3064
3915 3060 3865 3060 3865 3031 3714 3031
3264 3093 3264 3091 3431 3091 3431 3056
1029 1065 1029 1068 991 1068 991 1967
998 295 997 295 997 1605 992 1605
1005 1844 1005 1179 1049 1179 1049 556
973 219 973 220 1034 220 1034 1163
977 579 977 580 1036 580 1036 694
1065 2015 1029 2015 1029 1180 1017 1180
1028 2373 1028 1873 1001 1873 1001 1263
1030 2983 1028 2983 1028 2559 983 2559
990 2850 1000 2850 1000 1125 1010 1125
1031 3003 999 3003 999 2030 977 2030
1030 3826 1030 3622 1052 3622 1052 2532
1071 3047 1071 3046 1066 3046 1066 2548
1032 2669 1032 2670 1029 2670 1029 2763
1048 3400 1048 3399 989 3399 989 3260
1020 3353 1020 2557 991 2557 991 2438
2050 624 2055 624 2055 1631 2095 1631
2054 1359 2054 982 2092 982 2092 840
2025 686 2025 687 2026 687 2026 1662
2011 1615 2011 1614 2036 1614 2036 1505
2021 783 2021 984 2077 984 2077 1557
2090 2317 2080 2317 2080 1775 2057 1775
2031 2569 2031 2166 2052 2166 2052 1803
2087 2951 2079 2951 2079 2166 2061 2166
2054 1446 2054 1447 2046 1447 2046 2072
2043 2801 2043 2800 2078 2800 2078 1769
2013 3618 2013 3617 2027 3617 2027 2867
2085 3872 2059 3872 2059 2322 2008 2322
2072 2168 2072 2169 2071 2169 2071 3517
2064 3920 2064 3919 2045 3919 2045 2167
2094 2881 2094 3066 2039 3066 2039 3635
3111 714 3108 714 3108 1306 3070 1306
3039 1240 3104 1240 3104 1684 3114 1684
3082 1689 3082 1690 3036 1690 3036 1944
3058 727 3058 726 3054 726 3054 267
3060 433 3053 433 3053 690 3046 690
3102 2882 3094 2882 3094 1176 3076 1176
3029 2104 3029 2088 3075 2088 3075 1899
3035 2462 3035 2463 3029 2463 3029 2764
3096 2304 3096 2431 3122 2431 3122 2587
3109 1149 3109 1285 3121 1285 3121 1863
3069 2123 3069 2124 3050 2124 3050 2140
3054 2089 3088 2089 3088 2901 3096 2901
3080 3248 3080 2420 3064 2420 3064 2308
3052 2733 3052 2732 3032 2732 3032 2654
3074 2656 3064 2656 3064 3443 3061 3443
1586 2778 3416 2778 3416 671 4057 671
1207 754 1207 2119 1275 2119 1275 2318
1524 3274 1524 3273 4087 3273 4087 2966
1363 3540 1363 3303 3622 3303 3622 2590
2468 2704 2468 2165 102 2165 102 1114
3711 3832 3711 3829 114 3829 114 1648
92 868 2144 868 2144 1506 2987 1506
3859 1995 3859 945 3204 945 3204 880
1201 3320 1201 3264 3260 3264 3260 1785
1392 1523 1051 1523 1051 3485 407 3485
2171 777 2095 777 2095 3417 2003 3417
225 3741 3152 3741 3152 1167 3636 1167
3061 897 3116 897 3116 3644 3741 3644
603 2488 603 2018 4034 2018 4034 1529
2874 3851 3091 3851 3091 2247 3707 2247
2302 3228 2302 3067 747 3067 747 2382
2351 3608 2351 3072 2441 3072 2441 3031
518 2440 518 2016 920 2016 920 1650
1814 2799 1814 2797 3552 2797 3552 198
1662 262 1662 1259 1436 1259 1436 1445
2343 1677 2343 1549 3865 1549 3865 1516
3695 4027 3828 4027 3828 946 3849 946
1269 1972 1269 2118 3013 2118 3013 2453
1091 1894 1091 512 1456 512 1456 402
261 155 1038 155 1038 2062 1323 2062
3259 101 3129 101 3129 3766 2833 3766
3694 3998 3694 3209 3179 3209 3179 436
2335 1846 2335 1024 2470 1024 2470 733
2626 3343 2626 3342 20 3342 20 1991
2278 1062 2278 1063 2923 1063 2923 2570
262 2377 262 2282 1186 2282 1186 2281
1138 3746 1138 1595 1345 1595 1345 1500
1879 2533 1879 4023 3322 4023 3322 4024
72 3643 499 3643 499 1694 2996 1694
80 2821 80 1351 1269 1351 1269 1341
386 1341 386 1342 3803 1342 3803 1372
682 935 1033 935 1033 3051 1740 3051
211 3980 1072 3980 1072 2833 1201 2833
3810 3444 3810 4025 79 4025 79 4038
2685 1305 2149 1305 2149 3651 1973 3651
3712 3301 3712 3302 4049 3302 4049 3972
3178 4043 2976 4043 2976 3712 996 3712
233 369 1483 369 1483 406 2770 406
2067 306 1037 306 1037 1883 641 1883
1364 3812 1202 3812 1202 4069 720 4069
3374 2205 3374 2151 1801 2151 1801 2134
4013 4012 1284 4012 1284 3219 1226 3219
568 1527 568 1528 460 1528 460 3170
369 2605 369 3043 739 3043 739 3198
1279 1158 1819 1158 1819 652 2702 652
3600 3656 3090 3656 3090 2054 2318 2054
2766 737 3123 737 3123 2608 3350 2608
3929 525 3929 602 4071 602 4071 1078
3545 521 3542 521 3542 2744 3464 2744
859 1408 357 1408 357 3874 352 3874
719 1470 2653 1470 2653 1763 2888 1763
373 3876 373 3875 645 3875 645 3555
2200 2904 3021 2904 3021 1176 3075 1176
2837 205 2074 205 2074 1777 1888 1777
127 599 127 969 3918 969 3918 1187
1198 1835 1032 1835 1032 672 554 672
3947 2658 3947 237 1790 237 1790 206
1109 1430 1109 3299 3615 3299 3615 3443
2671 2453 2098 2453 2098 4011 1672 4011
3968 2080 3968 2077 280 2077 280 1352
606 3945 606 3944 331 3944 331 563
3348 3684 3348 3304 2629 3304 2629 2864
3803 2096 3706 2096 3706 14 681 14
663 3666 2562 3666 2562 2588 3387 2588
3988 1797 3988 1796 3561 1796 3561 1738
3494 3566 3494 3302 1230 3302 1230 3127
2398 2798 122 2798 122 1438 106 1438
85 2442 3702 2442 3702 3390 3812 3390
1380 3449 1380 3448 1387 3448 1387 2298
488 1017 488 1018 3065 1018 3065 1386
2392 1221 3105 1221 3105 2430 3197 2430
3874 2688 3874 2730 2218 2730 2218 3029
738 768 903 768 903 2805 2616 2805
1711 2464 1711 2807 1972 2807 1972 3408
1475 1700 2052 1700 2052 524 2063 524
612 2856 613 2856 613 2987 4000 2987
3305 2861 3305 2787 2928 2787 2928 2743
2065 1557 1498 1557 1498 52 580 52
1667 1504 1049 1504 1049 2860 723 2860
3302 3184 3713 3184 3713 1203 3756 1203
1859 1074 1859 1085 4081 1085 4081 2357
3262 2143 3262 2144 755 2144 755 2479
26 3030 85 3030 85 1138 1388 1138
1211 194 1211 193 1379 193 1379 172
3138 2070 3138 2045 3883 2045 3883 988
2747 1465 2747 1397 1579 1397 1579 1394
1416 2256 1348 2256 1348 1921 701 1921
351 535 351 3068 921 3068 921 3635
1050 2657 1050 3394 1385 3394 1385 3527
911 4006 1229 4006 1229 3905 1733 3905
1180 200 1180 2813 1870 2813 1870 2932
294 3893 1053 3893 1053 1600 1495 1600
846 2264 846 971 3451 971 3451 767
1106 3615 988 3615 988 2872 743 2872
1139 513 1139 950 1580 950 1580 1101
3544 3166 3544 3096 3441 3096 3441 982
330 3673 330 3665 2662 3665 2662 3472
3257 1809 3256 1809 3256 1134 1264 1134
1453 1620 1453 1619 2054 1619 2054 1450
184 464 2064 464 2064 771 3634 771
483 1092 483 1008 701 1008 701 986
961 1565 961 1455 2315 1455 2315 1444
3171 683 3171 946 3334 946 3334 1374
788 1533 788 1114 104 1114 104 54
1890 81 1890 156 1475 156 1475 532
2202 1408 2202 1006 2997 1006 2997 95
1792 1873 1792 1872 3802 1872 3802 1679
3618 454 3851 454 3851 749 3858 749
1819 1279 901 1279 901 1784 796 1784
3983 828 1112 828 1112 550 41 550
3304 2047 3520 2047 3520 1911 4001 1911
2139 223 2139 241 3702 241 3702 567
1075 1902 1075 1797 3244 1797 3244 1597
2349 393 2361 393 2361 1146 2730 1146
4000 777 3752 777 3752 728 1288 728
1788 809 1788 8 4046 8 4046 7
104 463 2065 463 2065 687 3412 687
3657 978 3657 1064 3110 1064 3110 1284
2917 380 2917 738 2654 738 2654 1604
791 1653 791 1720 3423 1720 3423 1823
1891 1160 2016 1160 2016 499 2089 499
2670 965 2670 970 413 970 413 1072
3962 1337 3962 903 3675 903 3675 445
3544 1300 3496 1300 3496 599 3200 599
1571 657 1571 656 1710 656 1710 577
3872 557 2272 557 2272 457 1790 457
3586 1272 3586 972 1868 972 1868 448
160 313 160 1013 3316 1013 3316 2042
3233 904 3481 904 3481 1793 3931 1793
3984 320 3984 1008 2056 1008 2056 1636
2196 1519 2178 1519 2178 1613 273 1613
3702 209 3660 209 3660 748 3576 748
2911 258 3066 258 3066 1063 3173 1063
764 1031 764 1032 2124 1032 2124 1779
2443 335 2443 353 304 353 304 1901
2744 910 2744 952 3287 952 3287 1579
3931 1402 3931 1633 2620 1633 2620 1719
2115 1161 1890 1161 1890 1004 1837 1004
1093 238 1093 240 3833 240 3833 811
100 1754 100 1766 1919 1766 1919 1772
1213 2006 1309 2006 1309 1596 2375 1596
3920 1178 3920 1573 3437 1573 3437 1665
1313 146 1313 147 3594 147 3594 1106
2608 1942 2608 1911 1658 1911 1658 1857
2067 142 2067 968 3025 968 3025 1070
454 1803 998 1803 998 1108 2417 1108
3146 1408 3146 133 3187 133 3187 5
2674 130 2066 130 2066 205 1399 205
3956 233 3956 235 1496 235 1496 723
3842 417 3707 417 3707 1968 2882 1968
2439 1619 2439 1651 2750 1651 2750 1690
1270 94 1270 95 455 95 455 122
1170 1099 1170 1100 1078 1100 1078 1946
2980 1153 2980 1015 2735 1015 2735 860
2143 1467 2143 1127 3100 1127 3100 967
2958 1843 2958 1016 2147 1016 2147 10
3955 1543 3955 1550 2944 1550 2944 1575
3961 9 3087 9 3087 1075 2590 1075
3869 924 2902 924 2902 704 2498 704
2269 320 2269 369 3674 369 3674 405
3061 691 3060 691 3060 1007 2876 1007
2886 190 2886 503 2665 503 2665 1573
2663 139 2622 139 2622 887 2210 887
3196 528 3107 528 3107 1529 2907 1529
2765 1396 3022 1396 3022 1986 3237 1986
2244 622 2244 1314 2517 1314 2517 1725
3565 460 3565 1574 3454 1574 3454 1824
3850 628 3850 812 3821 812 3821 955
3500 1084 3703 1084 3703 149 3805 149
3213 1513 3213 1827 2785 1827 2785 1828
2686 799 2686 796 2989 796 2989 42
3266 1156 3312 1156 3312 292 3584 292
4085 671 4085 645 2534 645 2534 642
2494 728 3157 728 3157 1405 3450 1405
3202 81 3086 81 3086 941 2771 941
3805 1491 3805 966 2339 966 2339 382
2133 366 2133 1040 2213 1040 2213 1101
2383 1099 2383 1107 3988 1107 3988 1669
2968 1215 3234 1215 3234 1389 3286 1389
3298 1917 3298 953 2551 953 2551 939
2987 388 2987 103 2966 103 2966 26
2256 817 2256 833 3311 833 3311 885
4081 75 4081 84 3438 84 3438 306
2426 521 2892 521 2892 51 3510 51
3816 670 3816 855 3708 855 3708 883
2320 571 2988 571 2988 162 3551 162
2149 809 3195 809 3195 425 3865 425
3048 861 3048 700 2818 700 2818 581
2322 690 2322 660 3170 660 3170 646
3523 752 3523 954 2104 954 2104 967
2782 244 2971 244 2971 951 3037 951
3167 60 3167 61 2269 61 2269 269
3515 677 3515 659 2369 659 2369 612
2534 702 2535 702 2535 188 2624 188
2397 213 2397 214 2723 214 2723 224
2423 334 2611 334 2611 50 2649 50
2132 568 2132 569 2101 569 2101 657
2821 580 2821 579 3011 579 3011 154
2088 280 2236 280 2236 561 2370 561
2654 90 2389 90 2389 445 2366 445
2512 59 2512 60 2224 60 2224 204
2368 212 2223 212 2223 151 2150 151
2928 234 2928 108 2743 108 2743 103
2332 254 2312 254 2312 309 2210 309
2681 266 2681 41 3016 41 3016 32
3069 151 3034 151 3034 83 2998 83
3054 186 2768 186 2768 407 2694 407
2966 378 2809 378 2809 379 2641 379
2616 393 2616 394 2970 394 2970 413
2756 216 2742 216 2742 73 2631 73
2769 352 2769 109 2606 109 2606 75
2628 213 2628 212 2704 212 2704 110
2569 469 2577 469 2577 203 2626 203
2758 31 2758 370 2753 370
2722 290 2722 313 2599 313 2599 353
2581 505 2581 267 2719 267
2562 462 2562 461 2576 461 2576 308
2751 458 2751 457 2628 457 2628 349
2635 501 2635 378 2667 378 2667 370
2757 338 2754 338 2754 430 2745 430
2717 349 2717 337 2754 337 2754 332
2786 290 2786 371 2723 371 2723 423
2740 292 2740 291 2713 291 2713 290
2698 502 2698 501 2766 501 2766 406
2725 464 2725 463 2720 463 2720 420
2733 302 2733 331 2705 331 2705 442
2740 361 2740 360 2714 360 2714 321
2714 447 2714 446 2701 446 2701 265
2688 284 2689 284 2689 382 2697 382
2747 286 2747 287 2714 287 2714 299
2694 331 2694 330 2726 330 2726 266
2712 277 2712 278 2737 278 2737 311
2700 276 2700 268 2722 268 2722 259
2688 331 2688 320 2719 320 2719 297
2691 295 2704 295 2704 282 2717 282
2720 296 2712 296 2712 312 2705 312
2713 269 2703 269 2703 291
2713 265 2713 266 2692 266 2692 270
2707 268 2707 300 2716 300 2716 310
1318 1733 1388 1733 1388 1473 1571 1473
1376 1699 1376 1698 1129 1698 1129 1353
1427 1449 1427 1448 1375 1448 1375 1435
1386 1400 1386 1399 1329 1399 1329 1344
1292 1380 1292 1338 1461 1338 1461 1282
1413 1700 1413 1699 1467 1699 1467 1666
1605 1896 1605 2110 1391 2110 1391 2119
1140 1984 1199 1984 1199 1771 1517 1771
1319 2057 1319 2042 1473 2042 1473 1985
1359 2043 1490 2043 1490 2156 1558 2156
1217 1877 1217 1835 1436 1835 1436 1830
1159 2271 1159 2120 1189 2120 1189 2108
1261 2382 1255 2382 1255 2590 1157 2590
1342 2326 1342 2536 1540 2536 1540 2730
1188 2672 1188 2665 1373 2665 1373 2655
1330 2617 1436 2617 1436 2344 1547 2344
1467 2362 1467 2363 1515 2363 1515 2371
1535 2686 1535 2685 1473 2685 1473 2600
1442 3295 1285 3295 1285 3207 1213 3207
1131 3162 1131 2869 1268 2869 1268 2823
1153 2870 1153 3060 1219 3060 1219 3086
1474 3060 1474 3059 1155 3059 1155 2912
1286 3178 1286 3275 1526 3275 1526 3298
1585 3247 1312 3247 1312 3073 1269 3073
1651 1505 1651 1548 1738 1548 1738 1672
1814 1574 2045 1574 2045 1375 2051 1375
2070 1291 2070 1293 1884 1293 1884 1352
1682 1297 1682 1298 2115 1298 2115 1714
1687 1361 1687 1381 2006 1381 2006 1511
1775 1571 1775 1575 1878 1575 1878 1601
1910 1897 1910 2014 2120 2014 2120 2065
2061 1849 1882 1849 1882 2088 1806 2088
1996 1783 1996 1782 2081 1782 2081 1775
1825 1806 1825 1866 1769 1866 1769 2231
1924 2021 1924 2022 1665 2022 1665 2213
1694 1965 1694 1966 1650 1966 1650 2187
1791 2573 1791 2532 1978 2532 1978 2529
2065 2375 2063 2375 2063 2704 1624 2704
1662 2579 1662 2452 1999 2452 1999 2370
1879 2355 1889 2355 1889 2524 1974 2524
1799 2316 1799 2317 1814 2317 1814 2348
1821 2768 1821 2765 2087 2765 2087 2552
1985 3056 1985 3050 1708 3050 1708 3019
1698 3280 1985 3280 1985 3274 1994 3274
1922 3057 1869 3057 1869 2847 1711 2847
1976 3241 1723 3241 1723 3254 1630 3254
2037 3033 2037 3034 2000 3034 2000 3177
1864 2883 1864 3255 1723 3255 1723 3274
2291 1349 2291 1350 2448 1350 2448 1510
2375 1429 2375 1426 2242 1426 2242 1357
2146 1381 2146 1380 2216 1380 2216 1363
2263 1511 2376 1511 2376 1321 2455 1321
2521 1354 2521 1353 2505 1353 2505 1346
2186 1709 2218 1709 2218 1268 2557 1268
2496 1854 2496 1855 2218 1855 2218 1887
2584 1975 2584 1974 2203 1974 2203 1963
2632 1824 2632 1848 2138 1848 2138 1979
2361 1850 2202 1850 2202 2240 2185 2240
2403 1888 2403 1909 2204 1909 2204 2124
2282 1917 2282 2082 2514 2082 2514 2119
2427 2568 2427 2531 2619 2531 2619 2380
2351 2347 2351 2348 2247 2348 2247 2736
2495 2631 2495 2630 2138 2630 2138 2600
2448 2628 2448 2627 2563 2627 2563 2583
2442 2628 2442 2627 2124 2627 2124 2568
2593 2643 2593 2642 2569 2642 2569 2534
2376 3268 2376 3171 2321 3171 2321 3037
2583 3098 2583 2958 2380 2958 2380 2827
2500 3257 2500 3106 2413 3106 2413 3102
2296 3082 2296 3068 2202 3068 2202 2906
2224 3177 2304 3177 2304 3107 2439 3107
2318 3211 2318 3030 2508 3030 2508 2965
3103 1649 3103 1326 2933 1326 2933 1319
3119 1743 3119 1693 2674 1693 2674 1655
2760 1268 2760 1269 3043 1269 3043 1422
3012 1512 2926 1512 2926 1632 2730 1632
2675 1464 2675 1463 2693 1463 2693 1398
2655 1649 2655 1650 2962 1650 2962 1747
2942 2202 2942 2201 2967 2201 2967 1922
2877 2010 2883 2010 2883 2117 3038 2117
2836 1805 3004 1805 3004 1808 3090 1808
3028 2269 3028 2009 2838 2009 2838 1798
2878 1957 2878 1956 2993 1956 2993 1941
2762 1923 2762 1781 2707 1781 2707 1767
3041 2531 3075 2531 3075 2702 3108 2702
2836 2561 2836 2560 3009 2560 3009 2343
2811 2508 2840 2508 2840 2421 3079 2421
2874 2309 2874 2308 2854 2308 2854 2307
3115 2690 3115 2734 2755 2734 2755 2749
2825 2511 2825 2512 2911 2512 2911 2554
3124 2869 3124 3121 2811 3121 2811 3129
2956 3203 2948 3203 2948 2972 2875 2972
2715 2879 2715 3036 2646 3036 2646 3158
3068 2803 3046 2803 3046 3145 3033 3145
3020 2839 3020 3074 2949 3074 2949 3099
3113 2826 3087 2826 3087 3242 2998 3242
1975 1754 1975 1747 1504 1747
1295 1748 1406 1748 1406 1788 1588 1788
1753 1748 1949 1748 1949 1769 2065 1769
1948 1767 1948 1764 1411 1764 1411 1755
1703 1742 2082 1742 2082 1777 2114 1777
1134 2254 1134 2255 1151 2255 1151 2288
1160 2289 1160 2283 1322 2283 1322 2258
2110 2262 1917 2262 1917 2254 1514 2254
1144 2297 1144 2296 1120 2296 1120 2293
1676 2255 1676 2274 2096 2274 2096 2277
1164 2794 1164 2793 1994 2793 1994 2780
1438 2780 1438 2808 2094 2808 2094 2812
1957 2802 1813 2802 1813 2782 1545 2782
1596 2791 1544 2791 1544 2766 1321 2766
2035 2766 2035 2776 1159 2776 1159 2802
1741 1785 1741 1784 2569 1784 2569 1761
1853 1778 1853 1774 2265 1774 2265 1773
1771 1784 1771 1785 2591 1785 2591 1787
1724 1743 1724 1749 1772 1749 1772 1786
2025 1781 2025 1780 1889 1780 1889 1777
2486 2290 2486 2288 1742 2288 1742 2282
1888 2289 1888 2290 1663 2290 1663 2300
2486 2278 2486 2279 1770 2279 1770 2286
1974 2258 1974 2273 2274 2273 2274 2275
2082 2289 2126 2289 2126 2293 2454 2293
2413 2814 2413 2784 2528 2784 2528 2780
1746 2805 1746 2804 2102 2804 2102 2794
1730 2763 1817 2763 1817 2769 1987 2769
1816 2766 1816 2770 2444 2770 2444 2771
1833 2799 1958 2799 1958 2805 2557 2805
2756 1782 2314 1782 2314 1764 2237 1764
2720 1739 2720 1740 2242 1740 2242 1766
2340 1756 2340 1757 2343 1757 2343 1782
3020 1775 3020 1774 2291 1774 2291 1770
2478 1788 2478 1787 2550 1787 2550 1753
2664 2257 2604 2257 2604 2279 2585 2279
2398 2288 2398 2287 2471 2287 2471 2259
2582 2279 2582 2278 2869 2278 2869 2261
2304 2273 2304 2272 2211 2272 2211 2258
2978 2258 2986 2258 2986 2296 2997 2296
2865 2798 2865 2763 2472 2763
2231 2796 2231 2795 2161 2795 2161 2766
2806 2764 2806 2775 2159 2775 2159 2791
2126 2771 2126 2772 2420 2772 2420 2773
3086 2789 3086 2788 2417 2788 2417 2785
1635 2016 1635 2111 1585 2111 1585 2228
1608 1848 1623 1848 1623 1884 1627 1884
1615 1681 1615 1682 1592 1682 1592 2049
1611 2239 1611 2155 1613 2155 1613 1427
1634 2035 1634 2066 1606 2066 1606 2201
1589 2042 1589 2043 1586 2043 1586 2438
1602 2642 1602 2625 1606 2625 1606 2345
1623 2048 1623 1892 1605 1892 1605 1837
1609 2065 1609 2064 1610 2064 1610 1922
1595 2774 1603 2774 1603 2626 1606 2626
1588 2982 1588 2981 1616 2981 1616 2562
1632 3201 1623 3201 1623 2439 1612 2439
1602 2372 1602 2373 1630 2373 1630 3040
1624 2343 1624 2344 1587 2344 1587 3231
1618 2776 1618 2775 1594 2775 1594 2763
2097 2013 2097 1923 2112 1923 2112 1292
2137 1767 2137 1768 2138 1768 2138 1770
2096 1387 2096 1388 2103 1388 2103 1830
2134 1274 2134 1274 2134 1280 2132 1280
2139 1991 2139 1986 2118 1986 2118 1925
2114 2066 2135 2066 2135 2637 2142 2637
2142 2775 2142 2774 2111 2774 2111 2505
2134 2194 2134 1985 2132 1985 2132 1766
2117 2184 2119 2184 2119 2361 2120 2361
2129 2604 2130 2604 2130 1987 2132 1987
2138 2456 2109 2456 2109 2829 2100 2829
2117 2649 2117 2567 2125 2567 2125 2290
2146 3003 2146 3004 2137 3004 2137 3246
2133 2475 2133 2605 2127 2605 2127 2724
2129 2971 2129 2970 2110 2970 2110 2626
2653 1534 2653 1652 2656 1652 2656 1762
2629 1290 2629 1291 2643 1291 2643 1988
2633 1952 2633 1919 2651 1919 2651 1551
2654 1920 2654 1823 2619 1823 2619 1384
2630 2078 2630 2079 2621 2079 2621 2105
2641 2239 2641 1920 2643 1920
2654 2524 2654 2525 2630 2525 2630 2571
2633 2319 2633 2318 2610 2318 2610 1861
2618 1849 2618 2240 2646 2240 2646 2601
2647 1958 2647 2320 2632 2320 2632 2462
2655 3035 2655 2997 2636 2997 2636 2909
2628 2859 2628 2858 2626 2858 2626 2407
2621 2766 2621 3086 2641 3086 2641 3200
2643 2998 2643 2999 2637 2999 2637 3085
2629 2354 2629 2572 2642 2572 2642 2683
2726 2409 2064 2409 2064 2741 1212 2741
2581 1335 2816 1335 2816 2485 2839 2485
2801 1725 2782 1725 2782 2175 2627 2175
2388 1513 2388 1847 1467 1847 1467 1942
1301 2700 2783 2700 2783 1826 2883 1826
2418 2701 2545 2701 2545 1912 2575 1912
2296 1765 2296 1766 2244 1766 2244 1785
2714 2841 2337 2841 2337 1990 1604 1990
2544 1372 3092 1372 3092 2863 3113 2863
1322 1866 1636 1866 1636 2094 2413 2094
2247 1427 2247 1722 2815 1722 2815 3188
1435 2454 1435 2321 2931 2321 2931 1696
1464 1838 1464 2075 2878 2075 2878 2825
1735 2053 1735 2054 1698 2054 1698 2975
2102 1924 2103 1924 2103 3120 2303 3120
2192 2523 2141 2523 2141 1492 1725 1492
2015 2493 1654 2493 1654 1984 1329 1984
1667 2762 2518 2762 2518 2487 2576 2487
2463 1655 2418 1655 2418 1277 2317 1277
2639 1882 2639 2000 2272 2000 2272 2179
2699 2355 1926 2355 1926 2422 1696 2422
1517 3199 1517 3126 1339 3126 1339 1407
1127 3050 1127 2083 1222 2083 1222 1881
1372 1873 1372 1872 1305 1872 1305 1850
1833 2215 1833 2232 1259 2232 1259 3181
1618 1893 1618 2229 1469 2229 1469 2476
1547 2109 1648 2109 1648 1726 1814 1726
2091 1345 2091 3064 1701 3064 1701 3086
2017 2542 2017 1896 1874 1896 1874 1778
1788 1424 1647 1424 1647 2797 1485 2797
1585 2238 1585 2257 1524 2257 1524 2297
1309 2722 1309 3058 1829 3058 1829 3142
1880 1930 1649 1930 1649 2260 1567 2260
1765 1837 1765 1787 1475 1787 1475 1728
1181 1601 1496 1601 1496 1417 1564 1417
1515 1704 1515 1705 1983 1705 1983 1719
1529 1492 1529 1547 1945 1547 1945 1599
1340 1484 1340 1576 1858 1576 1858 1654
1978 1404 1978 1602 1865 1602 1865 1616
1982 1412 1982 1399 1515 1399 1515 1271
1385 1710 1385 1702 1663 1702 1663 1468
1754 1513 1843 1513 1843 1456 2083 1456
1707 1461 1707 1389 1814 1389 1814 1383
1983 1310 1983 1299 2026 1299
1835 1521 1835 1422 1779 1422 1779 1391
1610 1630 1610 1388 1796 1388 1796 1373
1845 1472 1845 1473 1946 1473 1946 1521
1891 1253 1788 1253 1788 1387 1753 1387
1835 1378 1835 1377 1913 1377 1913 1334
1762 1485 1762 1454 2044 1454 2044 1376
2041 1309 2041 1421 1622 1421 1622 1505
2039 1390 1778 1390 1778 1420 1734 1420
2113 1368 2113 1318 1961 1318 1961 1311
2044 1269 2044 1290 1838 1290 1838 1353
1623 1279 1623 1278 1867 1278 1867 1267
1919 1380 1931 1380 1931 1319 2000 1319
1707 1359 1707 1336 1825 1336 1825 1297
2112 1314 2111 1314 2111 1260 1791 1260
1847 1281 1847 1285 1789 1285 1789 1313
1908 1284 1908 1285 2049 1285 2049 1292
1838 1289 1838 1288 1654 1288 1654 1275
1611 1305 2075 1305 2075 1275 2118 1275
1776 1254 1742 1254 1742 1274 1649 1274
1777 1253 1777 1261 1951 1261 1951 1274
1789 1284 1789 1280 1981 1280 1981 1267
1729 1281 1729 1280 1774 1280 1774 1265
2068 1257 2068 1258 1747 1258 1747 1262
