4096 4096
595
44 234 411 611 602 673
985 224 840 224 840 208 441 208
618 922 501 466 475 240
589 527 588 508 413 432
389 643 728 806 818 1021
253 17 48 424 47 505
409 693 388 496 184 387
1021 418 989 377 694 311
372 54 599 54 599 212 783 212
615 501 607 501 607 424 597 424
160 809 161 809 161 447 481 447
157 985 653 985 653 726 778 726
309 829 321 781 386 98
255 695 222 737 210 757
78 100 78 225 880 225 880 327
843 951 842 951 842 126 776 126
715 857 678 857 678 771 457 771
678 677 678 672 502 672 502 524
703 392 693 392 693 580 607 580
458 619 640 712 982 815
423 471 423 581 845 581 845 919
798 273 798 600 129 600 129 677
830 216 229 216 229 108 118 108
433 1558 402 1558 402 1944 235 1944
900 1538 899 1538 899 1952 314 1952
513 1415 424 1497 325 1521
471 1216 476 1216 476 1109 616 1109
364 1582 709 1672 769 1686
322 1331 322 1416 153 1416 153 1821
1000 1374 999 1311 464 1108
202 2009 260 1981 841 1612
536 1284 407 1284 407 1900 306 1900
616 1808 842 1808 842 1467 932 1467
550 2036 549 2036 549 1458 324 1458
248 1083 994 1122 997 1857
709 1561 709 1456 160 1456 160 1175
253 1031 254 1031 254 1346 266 1346
802 1478 735 1478 735 1781 318 1781
137 1056 161 1056 161 1236 531 1236
305 1195 304 1153 137 1113
924 1286 898 1286 898 1917 506 1917
228 1829 229 1829 229 1679 761 1679
529 1572 363 1572 363 1636 266 1636
227 1457 227 1584 453 1584 453 1933
206 1828 381 1828 381 1972 494 1972
274 1339 111 1473 36 1843
797 3015 430 3015 430 3050 276 3050
780 2444 780 2462 864 2462 864 2687
588 2655 596 2655 596 2487 911 2487
762 2788 667 2625 441 2502
103 2076 104 2076 104 2912 777 2912
345 2672 214 2581 163 2379
798 2098 798 2107 701 2107 701 2988
992 2732 717 2732 717 2108 709 2108
409 2811 536 2663 892 2629
551 2449 551 2461 382 2461 382 2559
725 2106 472 2344 427 2460
279 2339 473 2339 473 2190 527 2190
595 2565 324 2565 324 2231 293 2231
873 2111 125 2111 125 2819 98 2819
813 2862 813 2918 419 2918 419 3059
742 2515 774 2515 774 2472 830 2472
185 2962 184 2962 184 2215 160 2215
37 2226 474 2226 474 2246 844 2246
1011 2773 812 2810 441 2898
197 2180 209 2180 209 2921 562 2921
728 3772 728 3770 108 3770 108 3721
901 3629 881 3629 881 3225 486 3225
347 3402 211 3402 211 3832 104 3832
802 3847 802 3843 595 3843 595 3566
121 3469 122 3469 122 3959 385 3959
970 4019 563 4019 563 3268 476 3268
134 3351 135 3355 949 3356
807 3736 807 3600 36 3600 36 3411
450 3793 450 3653 804 3653 804 3249
162 3199 163 3348 276 3757
475 3525 482 3566 489 3599
343 3580 725 3431 857 3289
631 4022 339 4040 15 4058
386 4017 66 3544 36 3407
836 3616 690 3454 603 3227
267 3714 717 3579 728 3432
550 3532 550 3401 81 3401 81 3354
691 3352 692 3352 692 3500 849 3500
296 3946 296 3565 565 3565 565 3233
821 3541 865 3800 885 3951
1002 3474 880 3464 430 3385
502 3771 449 3816 67 3887
1222 958 1421 958 1421 715 1539 715
1647 347 1769 347 1769 998
1217 340 1216 340 1216 144 1208 144
1471 651 1466 404 1450 363
1465 201 1449 201 1449 979 1448 979
1367 880 1410 880 1410 155 1523 155
1356 456 1122 456 1122 460 1117 460
1295 177 1667 526 1701 922
1692 630 1691 552 1680 454
1633 662 1633 707 1435 707 1435 846
1525 457 1420 457 1420 873 1041 873
2004 927 1666 927 1666 905 1284 905
1109 946 1110 946 1110 953 1420 953
1642 768 1612 455 1179 133
1866 977 1604 898 1538 803
1123 244 1124 244 1124 62 1658 62
1442 124 1442 151 1583 151 1583 946
1712 299 1468 111 1452 55
1982 76 1472 76 1472 674 1458 674
1862 481 1886 262 2031 173
1546 683 1548 683 1548 763 1552 763
1570 1480 1571 1480 1571 1619 1576 1619
1254 1145 1237 1203 1145 1343
1178 1894 1179 1894 1179 1829 1280 1829
1882 1973 1998 1826 2003 1067
1061 1390 1061 1689 1141 1689 1141 1914
1935 1371 1934 1132 1392 1068
1278 1079 1252 1127 1239 1683
1349 1846 1311 1846 1311 1635 1306 1635
1375 1323 1374 1548 1343 1618
1372 1202 1372 1127 1645 1127 1645 1030
1333 2034 1332 1882 1329 1639
1062 1688 1218 1688 1218 1628 1467 1628
1381 1337 1382 1337 1382 1366 1825 1366
1405 1602 1569 1815 1869 2000
2037 1356 2035 1356 2035 1059 1843 1059
1623 1309 1623 1375 1847 1375 1847 1813
2018 1848 2044 1848 2044 1607 2046 1607
1650 1508 1628 1508 1628 1053 1082 1053
1647 1043 1706 1043 1706 1374 1924 1374
1223 1270 1333 1596 1415 1655
1568 2041 1870 2041 1870 1693 1997 1693
1050 2881 1734 2881 1734 2764 1954 2764
1768 2817 1694 2678 1312 2104
1301 2278 1410 2278 1410 2665 1490 2665
1784 3067 1693 3067 1693 2344 1684 2344
1844 2494 1895 2186 2023 2167
1251 2220 1473 2220 1473 2152 1543 2152
1632 2409 1632 2463 1175 2463 1175 2662
1577 2167 1577 2168 1045 2168 1045 2340
1562 2910 1609 2910 1609 2434 1976 2434
1517 3018 1163 3018 1163 2776 1149 2776
1206 2667 1836 2667 1836 2121 1898 2121
1402 2743 1348 2743 1348 2622 1305 2622
1445 2052 1396 2378 1381 2862
1300 2283 1216 2283 1216 2975 1164 2975
1651 2589 1770 2589 1770 2550 1892 2550
1473 2363 1472 2217 1423 2138
1254 2478 1347 2479 1813 2695
1613 2408 1612 2408 1612 2121 1286 2121
1256 2055 1257 2055 1257 2062 1439 2062
1197 2866 1476 2936 1543 3059
1512 2236 1512 2666 1420 2666 1420 3012
1109 2755 1403 2755 1403 2703 1911 2703
1853 2203 1814 2203 1814 2948 1742 2948
1352 3535 1113 3535 1113 3654
1816 3245 1498 3245 1498 3322 1174 3322
1200 3468 1201 3468 1201 3691 1219 3691
1133 3476 1806 3476 1806 3582 1822 3582
1174 4012 1445 4023 1446 4054
1192 3118 1618 3118 1618 3347 1812 3347
1164 3972 1570 3972 1570 3438 1839 3438
1881 3316 1880 3316 1880 3778 1478 3778
1982 4018 1851 4016 1591 4011
1247 3657 1911 3904 1919 3988
1378 4009 1378 3777 1549 3777 1549 3213
1794 3113 1817 3113 1817 3247 1880 3247
1944 3382 1917 3382 1917 3605 1776 3605
1564 3622 1828 3622 1828 3358 1837 3358
1713 3567 1712 3717 1612 3925
2031 3770 1640 3770 1640 3831 1634 3831
1075 3631 1076 3631 1076 3661 1798 3661
1959 4049 1959 3903 1805 3903 1805 3533
1608 3288 1608 3323 1077 3323 1077 3567
1654 3279 1653 3328 1599 3575
2002 3816 2001 3965 1439 3983
2856 419 2855 419 2855 354 2822 354
2762 964 2992 479 2996 24
2785 895 2765 895 2765 11 2344 11
2183 645 2183 805 2972 805 2972 931
2706 325 2705 691 2444 836
2934 317 2934 288 3035 288 3035 168
2277 142 2278 142 2278 267 2364 267
2759 970 2690 847 2475 631
2537 218 2538 218 2538 881 2613 881
2861 275 2462 275 2462 468 2366 468
2854 932 2575 932 2575 321 2492 321
2521 1012 2614 1012 2614 379 2632 379
3023 648 2837 646 2463 407
2286 374 2287 374 2287 164 2608 164
2390 659 2227 659 2227 806 2209 806
2228 799 2357 668 2451 34
3065 182 3064 182 3064 214 2525 214
3012 945 2443 945 2443 643 2434 643
2980 1011 2977 996 2912 568
2774 542 2858 542 2858 289 3071 289
2892 950 2892 704 2891 704 2891 145
2934 1920 2877 1920 2877 1226 2298 1226
2531 1533 2531 1679 2822 1679 2822 1742
2678 1861 2698 1861 2698 1248 2774 1248
3024 1167 2793 1388 2199 1390
2744 1521 2741 1521 2741 1371 2739 1371
2163 1892 2484 1864 2841 1862
2717 1768 2836 1900 2932 1948
2137 1690 2410 1690 2410 1741 2523 1741
3042 1919 3042 1809 2570 1809 2570 1533
2270 1693 2162 1693 2162 1898 2110 1898
3004 1384 3004 1384 3004 1155 2295 1155
2805 1049 2684 1049 2684 1774 2579 1774
2423 1194 2335 1182 2334 1103
3028 1608 3006 1608 3006 1661 2685 1661
2782 1991 2761 1991 2761 1225 2728 1225
2731 1494 2732 1494 2732 1406 2814 1406
2723 1644 2710 1162 2696 1091
2138 1622 2411 1622 2411 1740 2798 1740
2252 1583 2409 1583 2409 1380 2463 1380
2386 1277 2385 1277 2385 1435 2202 1435
2147 1465 2148 1465 2148 1978 2239 1978
2259 2035 2534 2012 2920 1935
2272 1544 2524 1544 2524 1831 3038 1831
2783 2561 2784 2561 2784 2619 3004 2619
2160 2677 2096 2891 2085 2897
3028 2053 3028 2054 2999 2054 2999 2230
2056 2752 2490 2767 2887 2969
2709 3019 2709 2380 2805 2380 2805 2166
2323 2288 2323 2360 2367 2360 2367 2594
2132 2389 2389 2504 2645 2836
2103 2827 2104 2827 2104 3023 2527 3023
2453 2492 2509 2458 2561 2130
2326 2967 2687 2967 2687 2137 2723 2137
3009 2720 3006 2720 3006 2485 3001 2485
2557 2584 2665 2584 2665 2423 2686 2423
2718 2560 2823 2549 2869 2543
2460 2082 2456 2082 2456 2122 2213 2122
2156 2878 2161 2878 2161 2423 2293 2423
2347 2352 2526 2515 2557 2549
2730 2248 2077 2248 2077 2663 2070 2663
2675 2125 2455 2539 2371 3046
2678 2304 2677 2304 2677 2381 2078 2381
2300 2858 2688 2858 2688 2264 2905 2264
2398 3627 2130 3627 2130 3872 2074 3872
2685 3503 2684 3503 2684 3702 2566 3702
2425 3099 2424 3082 2200 3078
2750 3074 2607 3091 2470 3128
2395 4055 2377 4055 2377 3836 2131 3836
3067 4053 2426 3077 2422 3074
2994 3200 2509 3139 2129 3116
2128 3244 2119 3244 2119 4075 2106 4075
2622 3262 2476 3262 2476 4030 2378 4030
2935 3820 2860 3820 2860 3403 2281 3403
2834 3097 2832 3238 2099 3343
2051 3653 2072 3600 2266 3586
2052 3691 2054 3730 2454 3768
2903 3955 2858 3866 2192 3666
2409 4021 2409 3999 2922 3999 2922 3119
2393 3412 2412 3830 2827 4038
2492 3143 2469 3143 2469 3122 2314 3122
2394 3230 2233 3230 2233 3438 2105 3438
2977 4056 2977 4037 2477 4037 2477 3535
2400 3111 2995 3111 2995 3558 3058 3558
3421 237 3775 237 3775 906 3782 906
3678 597 3814 597 3814 979 3918 979
4051 821 4050 821 4050 44 4018 44
3480 207 3481 198 3626 187
3291 392 3290 392 3290 965 3248 965
3891 143 3915 143 3915 770 4081 770
3114 438 3115 408 3885 370
3979 474 3520 135 3165 86
3931 568 3980 568 3980 137 4026 137
3870 701 3869 701 3869 927 3547 927
3864 451 3863 259 3550 213
3625 585 3928 585 3928 798 4091 798
3788 531 3787 492 3234 407
3989 479 4020 479 4020 435 4087 435
3476 908 3477 908 3477 300 3582 300
3761 394 3805 259 4081 254
3914 157 3913 157 3913 511 3764 511
3682 618 3496 618 3496 409 3339 409
3309 224 3653 368 3779 952
3433 50 3521 72 3922 141
3758 423 3723 415 3165 394
4037 655 3865 642 3497 569
3096 1711 3096 1980 3713 1980 3713 2014
3138 1353 3718 1353 3718 1434 3882 1434
3757 1453 3157 1624 3148 1852
3654 1803 3534 1803 3534 1136 3445 1136
4061 1786 3551 1786 3551 1846 3469 1846
3535 1175 3536 1175 3536 1446 3603 1446
3939 1298 3939 1294 3348 1294 3348 1211
3784 1210 3784 1454 3317 1454 3317 1889
3705 1207 3798 1207 3798 1080 4020 1080
3425 1964 3424 1598 3324 1170
3770 1056 3686 1067 3190 1822
3695 1497 3696 1481 4038 1457
3258 1239 3259 1239 3259 1315 3510 1315
3818 1535 3814 1535 3814 1472 3591 1472
3832 1751 3832 1209 3656 1209 3656 1103
3474 1245 3883 1245 3883 1513 3917 1513
3365 1686 3785 1525 3796 1408
3467 1856 3468 1856 3468 1905 3808 1905
3365 1782 3985 1732 3990 1708
3573 2029 3573 2000 3098 2000 3098 1331
3450 2895 3520 2895 3520 2657 3557 2657
3082 2416 3081 2416 3081 2149 3076 2149
3776 3046 3871 3046 3871 2569 3872 2569
3518 2715 3540 2715 3540 2204 3556 2204
3961 2978 3812 2433 3779 2061
3871 2416 3870 2416 3870 2804 3345 2804
3910 2556 3322 2556 3322 2094 3202 2094
3253 2933 3965 2933 3965 2405 4057 2405
3415 2934 3478 2937 3490 3063
3535 2420 3536 2420 3536 2205 3620 2205
3246 2615 3245 2615 3245 2819 3119 2819
3943 3043 3943 3034 3586 3034 3586 2865
3448 2103 3738 2103 3738 2633 3784 2633
3467 2631 3321 2631 3321 2295 3254 2295
3431 2880 3431 2864 3964 2864 3964 2346
3286 2049 3309 2049 3309 2315 3471 2315
3762 2647 3873 2214 3907 2061
3279 2393 3392 2393 3392 3071 3905 3071
3860 2258 3692 2258 3692 2201 3232 2201
3243 2839 3479 2839 3479 2356 3490 2356
3328 3736 3329 3736 3329 3323 3377 3323
3550 3791 3551 3791 3551 3747 3892 3747
3910 3884 3722 3884 3722 3719 3586 3719
3723 3843 3723 3755 3508 3755 3508 3203
4005 3470 4004 3470 4004 3753 3860 3753
3490 3698 3963 3698 3963 3501 4083 3501
4027 3614 4026 3614 4026 3809 3161 3809
3248 3297 3247 3297 3247 3101 3229 3101
3929 3135 3483 3162 3351 3338
3409 4058 3410 3910 3657 3828
3666 3552 3539 3552 3539 3136 3158 3136
3365 3693 3364 3693 3364 3775 3360 3775
3935 3916 3934 3916 3934 4037 3353 4037
3352 3312 3350 3312 3350 3993 3347 3993
3948 3426 3947 3421 3541 3419
3262 3409 3262 3621 3936 3621 3936 3767
4013 4075 3294 4075 3294 3937 3241 3937
3171 3340 3249 3340 3249 3236 3280 3236
3233 3734 3295 3734 3295 3954 3358 3954
3540 3270 4028 3270 4028 3797 4081 3797
3997 3902 3327 3902 3327 3718 3244 3718
3246 3353 3245 3353 3245 3698 3178 3698
3408 3569 3407 3569 3407 3348 3310 3348
1872 974 1826 991 1611 1066
615 1015 616 1015 616 1025 1825 1025
1055 1015 1057 1015 1057 1037 1275 1037
1561 1010 1646 1022 1700 1057
910 988 911 1011 1399 1038
1801 2058 1801 2075 803 2075 803 2082
1657 2074 1672 2051 1682 2020
211 2059 281 2068 342 2090
749 2035 776 2013 1025 1997
1157 2016 1158 2016 1158 2032 1672 2032
1440 3066 1320 3066 1320 3104 1076 3104
690 3049 691 3037 1306 3036
1272 3059 1272 3060 200 3060 200 3104
386 3037 387 3037 387 3092 1702 3092
1239 3051 1454 3051 1454 3084 1891 3084
2632 984 2482 984 2482 1000 2161 1000
1827 1020 1886 1021 2214 1047
2514 1010 1897 1014 1538 1015
1230 979 1231 979 1231 1021 1292 1021
3001 993 3001 1001 1650 1001 1650 1020
2309 2078 1903 2078 1903 2051 1678 2051
1125 2083 1440 2083 1440 2057 2751 2057
1057 2034 1058 2034 1058 2007 2909 2007
1311 2035 1478 2035 1478 2072 1626 2072
1656 2092 1656 2039 1057 2039 1057 2003
1285 3073 2176 3052 2247 3047
2704 3069 2703 3028 1698 3025
2681 3048 2606 3080 1139 3102
2407 3039 2370 3042 1843 3046
2694 3046 1383 3050 1059 3053
2845 1036 2844 1036 2844 1041 2081 1041
3332 1061 3332 1035 2535 1035 2535 1029
2321 1011 2321 1013 3517 1013 3517 1056
2483 994 2484 994 2484 1004 3219 1004
3633 1066 3632 1066 3632 1009 2189 1009
2709 2008 2709 2036 3853 2036 3853 2083
3602 2082 3602 2065 2416 2065 2416 2035
2310 2062 2311 2062 2311 2026 2633 2026
2804 2047 3129 2047 3129 2012 3155 2012
2853 2001 3830 2001 3830 2036 3904 2036
3477 3062 3371 3062 3371 3063 3130 3063
4000 3063 4000 3083 2438 3083 2438 3108
3042 3031 3043 3031 3043 3035 3897 3035
3541 3088 3542 3088 3542 3122 3921 3122
3714 3087 3129 3087 3129 3058 3049 3058
1011 1511 1012 1511 1012 1708 1050 1708
973 1956 973 1713 1006 1713 1006 915
1050 701 1051 701 1051 112 1055 112
1054 1130 1034 1130 1034 585 1019 585
1011 233 1010 233 1010 368 990 368
1034 1726 1066 1726 1066 2785 1067 2785
988 1324 993 1984 1074 2857
1026 1719 1026 2303 1023 2303 1023 2614
1022 1313 1027 2958 1074 3005
1070 2649 1059 2649 1059 1326 1033 1326
990 2607 991 2607 991 3164 1065 3164
1033 2880 1049 2880 1049 2556 1070 2556
1074 2329 985 2329 985 2289 976 2289
1073 3920 1030 3704 1003 3374
1000 3715 1001 3767 1009 3820
2036 1242 2075 1242 2075 1829 2079 1829
2032 12 2048 12 2048 223 2073 223
2048 1534 2038 1534 2038 913 2035 913
2045 1766 2046 1550 2046 869
2081 401 2054 401 2054 455 2038 455
2050 2125 2053 1374 2090 1330
2065 2060 2042 2315 2029 2509
2059 1986 2056 1986 2056 1715 2054 1715
2063 1893 2061 2314 2052 2538
2002 2695 2002 1550 2049 1550 2049 1209
2035 4062 2057 4019 2060 3959
2030 3148 2031 3148 2031 3527 2095 3527
2057 2403 2022 2403 2022 3526 1997 3526
2054 3265 2054 3265 2054 3287 2053 3287
2062 2301 2062 3200 2034 3200 2034 3758
3112 961 3111 961 3111 139 3081 139
3057 128 3037 1000 3030 1030
3076 995 3052 1037 3022 1507
3067 816 3099 816 3099 1979 3122 1979
3076 932 3075 932 3075 928 3042 928
3082 2794 3082 2631 3094 2631 3094 1769
3079 1192 3078 1192 3078 1614 3044 1614
3093 1701 3026 1701 3026 3029 3024 3029
3044 2468 3061 2468 3061 2469 3087 2469
3040 1764 3051 1764 3051 2047
3110 2388 3109 2388 3109 2632 3086 2632
3026 3567 3027 3567 3027 2115 3088 2115
3102 3477 3103 3477 3103 3989 3107 3989
3100 2275 3101 2417 3110 2593
3104 3050 3103 3050 3103 2797 3091 2797
1112 3180 3638 3007 3899 2551
2737 3176 2076 3176 2076 693 713 693
2367 3052 2916 1929 3296 1787
3627 1315 3627 2179 3241 2179 3241 2862
55 2795 56 2795 56 2160 206 2160
3879 650 2865 650 2865 3927 589 3927
1617 3330 1617 1719 975 1719 975 1559
1430 2324 1999 902 3749 728
1820 3580 3113 3580 3113 496 3638 496
1196 1259 931 1757 773 2555
171 1452 932 1452 932 2415 1206 2415
3203 4046 3203 3985 78 3985 78 3803
2759 2655 2867 2655 2867 2609 3478 2609
172 1970 173 1970 173 1121 1028 1121
1463 727 1462 727 1462 1792 1412 1792
2007 306 1452 302 1442 102
3774 469 3379 587 2331 770
1772 188 1737 620 1032 1051
1613 2630 1613 3224 2861 3224 2861 3706
882 3434 950 906 1645 559
1946 3223 2024 2729 2043 1909
497 1209 1999 1209 1999 3108 2460 3108
1443 2812 2393 2812 2393 2266 2508 2266
475 1124 210 2844 205 3177
3080 2955 2730 2809 2441 1319
2496 1556 2496 2002 2900 2002 2900 3102
2366 137 2365 137 2365 132 230 132
2073 1819 2073 2897 1479 2897 1479 3439
1859 1008 3771 1008 3771 1133 3797 1133
1192 83 2994 83 2994 223 3003 223
3598 3620 3809 3620 3809 651
1319 44 2181 44 2181 978 3041 978
2763 1663 3080 1393 3129 1052
315 2844 346 2844 346 1982 1847 1982
3366 2671 3095 1253 2692 1208
3186 2334 3186 2084 3713 2084 3713 1730
3252 979 3110 979 3110 310 2363 310
3397 1224 1611 1024 1431 710
2727 3185 2739 3185 2739 2381 2780 2381
3962 3545 3962 2093 1778 2093 1778 2078
2403 2662 2029 2662 2029 3731 1984 3731
2898 3623 2898 2077 1922 2077 1922 2025
2307 371 2618 965 3007 3733
52 3112 52 2005 1877 2005 1877 1906
3694 2225 3693 2225 3693 2191 1633 2191
3009 1487 3009 1058 174 1058 174 708
881 2751 933 2751 933 807 2688 807
101 2053 3477 2429 3737 2531
2986 320 2933 320 2933 21 505 21
3551 822 3749 1012 3847 1559
2779 1678 2762 1678 2762 141 2667 141
3881 1847 3160 3861 432 4063
721 3358 925 3358 925 119 2993 119
3813 885 3137 885 3137 3592 2873 3592
2878 1668 3949 1668 3949 3627 3957 3627
1947 3941 1917 3941 1917 3433 1353 3433
1896 914 2616 1688 2863 2036
2180 686 362 796 230 1268
2119 1291 3008 1556 3507 3753
1838 3539 1968 3971 1990 3976
577 563 2080 563 2080 2984 2903 2984
1157 3750 1032 3750 1032 811 966 811
1742 447 879 447 879 323 529 323
3939 3149 3313 1761 2767 529
1278 429 2091 429 2091 2487 2664 2487
2766 675 2777 3232 2937 3321
2539 1442 3039 1442 3039 3200 3230 3200
1274 3689 506 3532 49 93
986 2054 3884 1156 3897 160
1666 490 949 490 949 3345 569 3345
2005 162 1998 162 1998 862 1909 862
1952 3031 1097 2743 627 2441
1638 3654 785 3630 381 1303
1880 990 1880 2295 1553 2295 1553 2615
934 1925 995 1925 995 1671 1007 1671
570 1430 873 1430 873 1345 1271 1345
1794 653 1794 1128 1538 1128 1538 1422
330 138 330 3226 747 3226 747 3355
1918 3738 1918 1077 775 1077 775 929
278 3184 278 1457 354 1457 354 1407
109 3708 109 2632 1781 2632 1781 2613
96 3301 277 1324 320 304
488 3599 812 3601 1664 3607
426 3669 950 3669 950 1309 1051 1309
295 236 503 236 503 545 665 545
1169 1769 1169 1523 531 1523 531 1394
1829 2914 1629 2914 1629 1078 477 1078
1652 1701 1652 1957 681 1957 681 2992
1604 2119 1033 2119 1033 217 1028 217
1650 3861 1552 3861 1552 1943 1328 1943
530 2226 689 2905 790 3379
587 818 502 1631 327 2892
116 991 123 991 123 3788 974 3788
1173 4065 1148 4065 1148 2220
1081 3880 992 2148 989 1469
681 3674 876 3674 876 932 960 932
1842 3857 1842 1024 1788 1024 1788 859
353 3030 1098 3030 1098 2689 1206 2689
771 1228 771 1748 702 1748 702 3593
1740 2653 1740 2097 417 2097 417 1760
167 2999 168 2999 168 895 831 895
631 941 816 1080 1653 1655
786 4069 431 4069 431 3917 265 3917
72 3526 821 2861 1144 2819
562 3145 1506 3145 1506 2535 1791 2535
1774 2705 1818 3047 1889 3737
1325 3304 1074 3304 1074 3839 755 3839
1837 2998 1409 2998 1409 2314 1391 2314
1374 3108 166 3108 166 2926 157 2926
1593 3104 1979 2740 2040 2282
559 2897 566 2897 566 3844 738 3844
126 2433 127 2407 1307 2363
741 3774 1126 3774 1126 3749 1777 3749
1526 2135 1646 2135 1646 3915 1729 3915
633 2546 1530 3109 1869 3596
1899 3150 1876 2073 1854 2065
402 2323 809 3692 1289 3796
1515 2118 1623 2690 1989 3030
1930 3366 1929 3366 1929 3282 108 3282
208 2499 207 2499 207 2525 69 2525
325 2231 325 2340 657 2340 657 2397
1540 2313 1035 2313 1035 2257 967 2257
1411 2999 680 2998 598 2956
588 2235 1399 2235 1399 2223 1412 2223
839 2495 850 2461 881 2379
1065 2089 1324 2339 1350 2799
1115 2322 693 2313 625 2310
431 2260 430 2143 138 2128
618 2153 529 2153 529 2438 509 2438
473 2405 473 2377 1661 2377 1661 2214
797 2459 796 2459 796 2050 762 2050
881 2462 1207 2462 1207 2384 1350 2384
1489 2478 1477 2121 1294 2056
1476 2453 1470 2453 1470 2175 1148 2175
1331 2167 1173 2167 1173 2293 1153 2293
1712 2523 1763 2523 1763 2049 1827 2049
1167 2127 1578 2146 1932 2232
1955 2200 1954 2200 1954 2250 1859 2250
1759 2060 1739 2063 1661 2182
1896 2074 1777 2090 1740 2132
1545 2082 1545 2093 1760 2093 1760 2258
1384 2242 1124 2242 1124 2069 1098 2069
1478 2227 1513 2227 1513 2237 1603 2237
1361 2206 1361 2212 1174 2212 1174 2301
1036 2287 1108 2287 1108 2247 1835 2247
1762 2213 1761 2271 1156 2294
1156 2199 1100 2199 1100 2285 1065 2285
1247 2203 1292 2194 1374 2186
1033 2203 1219 2203 1219 2213 1270 2213
1229 2210 1147 2210 1147 2224 1125 2224
1401 2216 1400 2216 1400 2196 1074 2196
1419 2198 1374 2217 1336 2232
1492 2230 1431 2230 1431 2206 1333 2206
1172 2176 1172 2200 1107 2200 1107 2213
1456 2193 1387 2200 1172 2211
1216 2222 1216 2215 1393 2215 1393 2209
1118 2181 1114 2181 1114 2184 1085 2184
1436 2229 1436 2229 1436 2201 1435 2201
1371 2184 1432 2217 1432 2227
1359 2214 1413 2214 1413 2237 1511 2237
1283 2233 1375 2233 1375 2228 1398 2228
1290 2199 1296 2199 1296 2177 1310 2177
