4096 4096
595
44 234 503 234 503 673 602 673
985 224 985 223 441 223 441 208
618 922 618 817 475 817 475 240
589 527 589 446 413 446 413 432
389 643 389 695 818 695 818 1021
253 17 253 18 47 18 47 505
409 693 409 576 184 576 184 387
1021 418 979 418 979 311 694 311
372 54 631 54 631 212 783 212
615 501 615 480 597 480 597 424
160 809 410 809 410 447 481 447
157 985 157 928 778 928 778 726
309 829 342 829 342 98 386 98
255 695 255 696 210 696 210 757
78 100 78 224 880 224 880 327
843 951 843 211 776 211 776 126
715 857 566 801 457 771
678 677 678 676 502 676 502 524
703 392 703 546 607 546 607 580
458 619 458 678 982 678 982 815
423 471 423 694 845 694 845 919
798 273 798 274 129 274 129 677
830 216 562 216 562 108 118 108
433 1558 332 1558 332 1944 235 1944
900 1538 840 1538 840 1952 314 1952
513 1415 513 1470 325 1470 325 1521
471 1216 471 1121 616 1121 616 1109
364 1582 364 1661 769 1661 769 1686
322 1331 322 1348 153 1348 153 1821
1000 1374 932 1374 932 1108 464 1108
202 2009 202 1980 841 1980 841 1612
536 1284 536 1383 306 1383 306 1900
616 1808 816 1808 816 1467 932 1467
550 2036 550 1557 324 1557 324 1458
248 1083 976 1083 976 1857 997 1857
709 1561 709 1283 160 1283 160 1175
253 1031 253 1032 266 1032 266 1346
802 1478 802 1687 318 1687 318 1781
137 1056 137 1109 531 1109 531 1236
305 1195 305 1152 137 1152 137 1113
924 1286 839 1286 839 1917 506 1917
228 1829 228 1686 761 1686 761 1679
529 1572 529 1581 266 1581 266 1636
227 1457 227 1901 453 1901 453 1933
206 1828 206 1953 494 1953 494 1972
274 1339 274 1347 36 1347 36 1843
797 3015 797 3016 276 3016 276 3050
780 2444 835 2444 835 2687 864 2687
588 2655 588 2528 911 2528 911 2487
762 2788 762 2715 441 2715 441 2502
103 2076 103 2893 777 2893 777 2912
345 2672 345 2498 163 2498 163 2379
798 2098 798 2107 701 2107 701 2988
992 2732 955 2732 955 2108 709 2108
409 2811 544 2695 892 2629
551 2449 551 2450 382 2450 382 2559
725 2106 463 2106 463 2460 427 2460
279 2339 279 2255 527 2255 527 2190
595 2565 595 2480 293 2480 293 2231
873 2111 873 2112 98 2112 98 2819
813 2862 813 2922 419 2922 419 3059
742 2515 742 2491 830 2491 830 2472
185 2962 185 2961 160 2961 160 2215
37 2226 326 2226 326 2246 844 2246
1011 2773 1011 2812 441 2812 441 2898
197 2180 244 2180 244 2921 562 2921
728 3772 728 3770 108 3770 108 3721
901 3629 568 3629 568 3225 486 3225
347 3402 347 3457 104 3457 104 3832
802 3847 802 3705 595 3705 595 3566
121 3469 121 3947 385 3947 385 3959
970 4019 558 4019 558 3268 476 3268
134 3351 692 3351 692 3356 949 3356
807 3736 807 3720 36 3720 36 3411
450 3793 566 3793 566 3249 804 3249
162 3199 162 3716 276 3716 276 3757
475 3525 475 3564 489 3564 489 3599
343 3580 343 3540 857 3540 857 3289
631 4022 631 4028 15 4028 15 4058
386 4017 48 4017 48 3407 36 3407
836 3616 836 3419 603 3419 603 3227
267 3714 267 3539 728 3539 728 3432
550 3532 550 3397 81 3397 81 3354
691 3352 691 3380 849 3380 849 3500
296 3946 296 3267 565 3267 565 3233
821 3541 821 3617 885 3617 885 3951
1002 3474 881 3474 881 3385 430 3385
502 3771 502 3787 67 3787 67 3887
1222 958 1462 958 1462 715 1539 715
1647 347 1647 430 1769 430 1769 998
1217 340 1211 289 1208 144
1471 651 1471 542 1450 542 1450 363
1465 201 1451 202 1448 979
1367 880 1367 200 1523 200 1523 155
1356 456 1356 459 1117 459 1117 460
1295 177 1295 178 1701 178 1701 922
1692 630 1684 497 1680 454
1633 662 1633 663 1435 663 1435 846
1525 457 1525 652 1041 652 1041 873
2004 927 1883 923 1284 905
1109 946 1109 951 1420 951 1420 953
1642 768 1642 143 1179 143 1179 133
1866 977 1866 954 1538 954 1538 803
1123 244 1123 82 1658 82 1658 62
1442 124 1442 125 1583 125 1583 946
1712 299 1712 61 1452 61 1452 55
1982 76 1771 76 1771 674 1458 674
1862 481 1862 402 2031 402 2031 173
1546 683 1546 694 1552 694 1552 763
1570 1480 1570 1481 1576 1481 1576 1619
1254 1145 1254 1260 1145 1260 1145 1343
1178 1894 1178 1860 1280 1860 1280 1829
1882 1973 1882 1631 2003 1631 2003 1067
1061 1390 1061 1689 1141 1689 1141 1914
1935 1371 1527 1075 1392 1068
1278 1079 1278 1390 1239 1390 1239 1683
1349 1846 1349 1638 1306 1638 1306 1635
1375 1323 1375 1361 1343 1361 1343 1618
1372 1202 1372 1089 1645 1089 1645 1030
1333 2034 1333 1736 1329 1736 1329 1639
1062 1688 1202 1688 1202 1628 1467 1628
1381 1337 1381 1354 1825 1354 1825 1366
1405 1602 1405 1620 1869 1620 1869 2000
2037 1356 2037 1066 1843 1066 1843 1059
1623 1309 1623 1310 1847 1310 1847 1813
2018 1848 2018 1816 2046 1816 2046 1607
1650 1508 1365 1508 1365 1053 1082 1053
1647 1043 1647 1067 1924 1067 1924 1374
1223 1270 1223 1621 1415 1621 1415 1655
1568 2041 1568 2019 1997 2019 1997 1693
1050 2881 1050 2865 1954 2865 1954 2764
1768 2817 1711 2817 1711 2104 1312 2104
1301 2278 1422 2278 1422 2665 1490 2665
1784 3067 1728 3050 1684 2344
1844 2494 1844 2329 2023 2329 2023 2167
1251 2220 1251 2166 1543 2166 1543 2152
1632 2409 1632 2474 1175 2474 1175 2662
1577 2167 1577 2330 1045 2330 1045 2340
1562 2910 1562 2909 1976 2909 1976 2434
1517 3018 1517 3017 1149 3017 1149 2776
1206 2667 1206 2534 1898 2534 1898 2121
1402 2743 1402 2711 1305 2711 1305 2622
1445 2052 1445 2744 1381 2744 1381 2862
1300 2283 1300 2416 1164 2416 1164 2975
1651 2589 1651 2568 1892 2568 1892 2550
1473 2363 1473 2165 1423 2165 1423 2138
1254 2478 1395 2478 1395 2695 1813 2695
1613 2408 1613 2134 1286 2134 1286 2121
1256 2055 1395 2055 1395 2062 1439 2062
1197 2866 1197 3013 1543 3013 1543 3059
1512 2236 1512 2745 1420 2745 1420 3012
1109 2755 1513 2755 1513 2703 1911 2703
1853 2203 1853 2272 1742 2272 1742 2948
1352 3535 1352 3551 1113 3551 1113 3654
1816 3245 1269 3245 1269 3322 1174 3322
1200 3468 1200 3469 1219 3469 1219 3691
1133 3476 1806 3476 1806 3582 1822 3582
1174 4012 1174 4040 1446 4040 1446 4054
1192 3118 1192 3177 1812 3177 1812 3347
1164 3972 1799 3972 1799 3438 1839 3438
1881 3316 1881 3348 1478 3348 1478 3778
1982 4018 1982 4011 1591 4011
1247 3657 1332 3657 1332 3988 1919 3988
1378 4009 1378 3311 1549 3311 1549 3213
1794 3113 1794 3165 1880 3165 1880 3247
1944 3382 1944 3411 1776 3411 1776 3605
1564 3622 1665 3622 1665 3358 1837 3358
1713 3567 1713 3655 1612 3655 1612 3925
2031 3770 2031 3795 1634 3795 1634 3831
1075 3631 1308 3636 1798 3661
1959 4049 1959 3939 1805 3939 1805 3533
1608 3288 1608 3324 1077 3324 1077 3567
1654 3279 1654 3332 1599 3332 1599 3575
2002 3816 2002 3977 1439 3977 1439 3983
2856 419 2856 409 2822 409 2822 354
2762 964 2762 476 2996 476 2996 24
2785 895 2773 895 2773 11 2344 11
2183 645 2183 897 2972 897 2972 931
2706 325 2706 326 2444 326 2444 836
2934 317 2986 240 3035 168
2277 142 2277 159 2364 159 2364 267
2759 970 2759 969 2475 969 2475 631
2537 218 2605 219 2613 881
2861 275 2861 276 2366 276 2366 468
2854 932 2772 932 2772 321 2492 321
2521 1012 2521 1011 2632 1011 2632 379
3023 648 3023 567 2463 567 2463 407
2286 374 2286 210 2608 210 2608 164
2390 659 2390 800 2209 800 2209 806
2228 799 2228 141 2451 141 2451 34
3065 182 3065 211 2525 211 2525 214
3012 945 2876 896 2434 643
2980 1011 2980 732 2912 732 2912 568
2774 542 2774 509 3071 509 3071 289
2892 950 2892 646 2891 646 2891 145
2934 1920 2665 1920 2665 1226 2298 1226
2531 1533 2679 1533 2679 1742 2822 1742
2678 1861 2678 1649 2774 1649 2774 1248
3024 1167 3024 1195 2199 1195 2199 1390
2744 1521 2744 1444 2739 1444 2739 1371
2163 1892 2163 1879 2841 1879 2841 1862
2717 1768 2717 1769 2932 1769 2932 1948
2137 1690 2137 1691 2523 1691 2523 1741
3042 1919 3042 1830 2570 1830 2570 1533
2270 1693 2270 1720 2110 1720 2110 1898
3004 1384 3004 1224 2295 1224 2295 1155
2805 1049 2805 1050 2579 1050 2579 1774
2423 1194 2423 1157 2334 1157 2334 1103
3028 1608 3028 1656 2685 1656 2685 1661
2782 1991 2782 1894 2728 1894 2728 1225
2731 1494 2731 1449 2814 1449 2814 1406
2723 1644 2723 1228 2696 1228 2696 1091
2138 1622 2138 1683 2798 1683 2798 1740
2252 1583 2252 1530 2463 1530 2463 1380
2386 1277 2386 1294 2202 1294 2202 1435
2147 1465 2147 1915 2239 1915 2239 1978
2259 2035 2259 1995 2920 1995 2920 1935
2272 1544 2524 1544 2524 1831 3038 1831
2783 2561 2783 2613 3004 2613 3004 2619
2160 2677 2160 2678 2085 2678 2085 2897
3028 2053 3028 2054 2999 2054 2999 2230
2056 2752 2056 2968 2887 2968 2887 2969
2709 3019 2709 2271 2805 2271 2805 2166
2323 2288 2323 2557 2367 2557 2367 2594
2132 2389 2132 2595 2645 2595 2645 2836
2103 2827 2103 3000 2527 3000 2527 3023
2453 2492 2453 2445 2561 2445 2561 2130
2326 2967 2688 2967 2688 2137 2723 2137
3009 2720 3009 2571 3001 2571 3001 2485
2557 2584 2557 2562 2686 2562 2686 2423
2718 2560 2718 2546 2869 2546 2869 2543
2460 2082 2460 2103 2213 2103 2213 2122
2156 2878 2156 2706 2293 2706 2293 2423
2347 2352 2348 2352 2348 2549 2557 2549
2730 2248 2730 2249 2070 2249 2070 2663
2675 2125 2675 3042 2371 3042 2371 3046
2678 2304 2678 2325 2078 2325 2078 2381
2300 2858 2687 2858 2687 2264 2905 2264
2398 3627 2113 3627 2113 3872 2074 3872
2685 3503 2685 3529 2566 3529 2566 3702
2425 3099 2425 3098 2200 3098 2200 3078
2750 3074 2750 3111 2470 3111 2470 3128
2395 4055 2395 4054 2131 4054 2131 3836
3067 4053 2860 4053 2860 3074 2422 3074
2994 3200 2994 3166 2129 3166 2129 3116
2128 3244 2128 3349 2106 3349 2106 4075
2622 3262 2622 3263 2378 3263 2378 4030
2935 3820 2852 3820 2852 3403 2281 3403
2834 3097 2834 3186 2099 3186 2099 3343
2051 3653 2051 3626 2266 3626 2266 3586
2052 3691 2052 3732 2454 3732 2454 3768
2903 3955 2457 3955 2457 3666 2192 3666
2409 4021 2409 4020 2922 4020 2922 3119
2393 3412 2393 3413 2827 3413 2827 4038
2492 3143 2492 3142 2314 3142 2314 3122
2394 3230 2394 3231 2105 3231 2105 3438
2977 4056 2977 4055 2477 4055 2477 3535
2400 3111 2400 3112 3058 3112 3058 3558
3421 237 3759 237 3759 906 3782 906
3678 597 3678 619 3918 619 3918 979
4051 821 4051 136 4018 136 4018 44
3480 207 3480 194 3626 194 3626 187
3291 392 3291 393 3248 393 3248 965
3891 143 3947 144 4081 770
3114 438 3114 385 3885 385 3885 370
3979 474 3979 142 3165 142 3165 86
3931 568 3980 568 3980 137 4026 137
3870 701 3790 702 3547 927
3864 451 3864 236 3550 236 3550 213
3625 585 3919 585 3919 798 4091 798
3788 531 3788 407 3234 407
3989 479 3989 454 4087 454 4087 435
3476 908 3476 495 3582 495 3582 300
3761 394 3761 393 4081 393 4081 254
3914 157 3914 452 3764 452 3764 511
3682 618 3682 486 3339 486 3339 409
3309 224 3309 928 3779 928 3779 952
3433 50 3433 63 3922 63 3922 141
3758 423 3758 408 3165 408 3165 394
4037 655 4037 584 3497 584 3497 569
3096 1711 3096 1980 3713 1980 3713 2014
3138 1353 3812 1354 3882 1434
3757 1453 3757 1454 3148 1454 3148 1852
3654 1803 3654 1718 3445 1718 3445 1136
4061 1786 4061 1811 3469 1811 3469 1846
3535 1175 3535 1176 3603 1176 3603 1446
3939 1298 3939 1244 3348 1244 3348 1211
3784 1210 3784 1466 3317 1466 3317 1889
3705 1207 3705 1142 4020 1142 4020 1080
3425 1964 3425 1863 3324 1863 3324 1170
3770 1056 3770 1091 3190 1091 3190 1822
3695 1497 3695 1481 4038 1481 4038 1457
3258 1239 3258 1298 3510 1298 3510 1315
3818 1535 3818 1502 3591 1502 3591 1472
3832 1751 3832 1209 3656 1209 3656 1103
3474 1245 3474 1280 3917 1280 3917 1513
3365 1686 3365 1471 3796 1471 3796 1408
3467 1856 3467 1857 3808 1857 3808 1905
3365 1782 3365 1725 3990 1725 3990 1708
3573 2029 3573 1712 3098 1712 3098 1331
3450 2895 3450 2774 3557 2774 3557 2657
3082 2416 3076 2416 3076 2149
3776 3046 3776 2865 3872 2865 3872 2569
3518 2715 3518 2256 3556 2256 3556 2204
3961 2978 3961 2092 3779 2092 3779 2061
3871 2416 3871 2648 3345 2648 3345 2804
3910 2556 3910 2094 3202 2094
3253 2933 3253 2932 4057 2932 4057 2405
3415 2934 3415 2984 3490 2984 3490 3063
3535 2420 3535 2284 3620 2284 3620 2205
3246 2615 3229 2615 3229 2819 3119 2819
3943 3043 3943 2908 3586 2908 3586 2865
3448 2103 3695 2103 3695 2633 3784 2633
3467 2631 3467 2392 3254 2392 3254 2295
3431 2880 3431 2656 3964 2656 3964 2346
3286 2049 3332 2104 3471 2315
3762 2647 3861 2647 3861 2061 3907 2061
3279 2393 3279 2909 3905 2909 3905 3071
3860 2258 3693 2258 3693 2201 3232 2201
3243 2839 3243 2812 3490 2812 3490 2356
3328 3736 3328 3631 3377 3631 3377 3323
3550 3791 3550 3756 3892 3756 3892 3747
3910 3884 3745 3799 3586 3719
3723 3843 3723 3827 3508 3827 3508 3203
4005 3470 4005 3628 3860 3628 3860 3753
3490 3698 4010 3698 4010 3501 4083 3501
4027 3614 4027 3800 3161 3800 3161 3809
3248 3297 3238 3221 3229 3101
3929 3135 3929 3188 3351 3188 3351 3338
3409 4058 3409 3999 3657 3999 3657 3828
3666 3552 3422 3202 3158 3136
3365 3693 3365 3746 3360 3746 3360 3775
3935 3916 3935 3978 3353 3978 3353 4037
3352 3312 3352 3339 3347 3339 3347 3993
3948 3426 3948 3421 3541 3421 3541 3419
3262 3409 3262 3621 3936 3621 3936 3767
4013 4075 4013 4074 3241 4074 3241 3937
3171 3340 3171 3300 3280 3300 3280 3236
3233 3734 3233 3819 3358 3819 3358 3954
3540 3270 3540 3337 4081 3337 4081 3797
3997 3902 3997 3818 3244 3818 3244 3718
3246 3353 3246 3354 3178 3354 3178 3698
3408 3569 3329 3484 3310 3348
1872 974 1872 999 1611 999 1611 1066
615 1015 615 1025 1825 1025
1055 1015 1055 1037 1275 1037
1561 1010 1561 1023 1700 1023 1700 1057
910 988 910 1038 1399 1038
1801 2058 1801 2075 803 2075 803 2082
1657 2074 1679 2045 1682 2020
211 2059 211 2072 342 2072 342 2090
749 2035 749 1997 1025 1997
1157 2016 1157 2027 1672 2027 1672 2032
1440 3066 1440 3067 1076 3067 1076 3104
690 3049 690 3046 1306 3046 1306 3036
1272 3059 1272 3066 200 3066 200 3104
386 3037 386 3085 1702 3085 1702 3092
1239 3051 1273 3051 1273 3084 1891 3084
2632 984 2393 984 2393 1000 2161 1000
1827 1020 1827 1042 2214 1042 2214 1047
2514 1010 2320 1010 2320 1015 1538 1015
1230 979 1230 1012 1292 1012 1292 1021
3001 993 3001 1002 1650 1002 1650 1020
2309 2078 2309 2057 1678 2057 1678 2051
1125 2083 1125 2076 2751 2076 2751 2057
1057 2034 1057 2007 2909 2007
1311 2035 1311 2051 1626 2051 1626 2072
1656 2092 1124 2092 1124 2003 1057 2003
1285 3073 1285 3072 2247 3072 2247 3047
2704 3069 2704 3068 1698 3068 1698 3025
2681 3048 2294 3048 2294 3102 1139 3102
2407 3039 2407 3041 1843 3041 1843 3046
2694 3046 2694 3050 1059 3050 1059 3053
2845 1036 2845 1039 2081 1039 2081 1041
3332 1061 3332 1032 2535 1032 2535 1029
2321 1011 2321 1018 3517 1018 3517 1056
2483 994 3128 994 3128 1004 3219 1004
3633 1066 3633 1022 2189 1022 2189 1009
2709 2008 2709 2048 3853 2048 3853 2083
3602 2082 3602 2051 2416 2051 2416 2035
2310 2062 2310 2029 2633 2029 2633 2026
2804 2047 2995 2046 3155 2012
2853 2001 3156 2001 3156 2036 3904 2036
3477 3062 3130 3062 3130 3063
4000 3063 4000 3072 2438 3072 2438 3108
3042 3031 3042 3035 3897 3035
3541 3088 3541 3111 3921 3111 3921 3122
3714 3087 3714 3074 3049 3074 3049 3058
1011 1511 1011 1512 1050 1512 1050 1708
973 1956 973 1304 1006 1304 1006 915
1050 701 1050 330 1055 330 1055 112
1054 1130 1054 1120 1019 1120 1019 585
1011 233 1011 285 990 285 990 368
1034 1726 1034 2650 1067 2650 1067 2785
988 1324 1027 1324 1027 2857 1074 2857
1026 1719 1026 1998 1023 1998 1023 2614
1022 1313 1028 1313 1028 3005 1074 3005
1070 2649 1035 2649 1035 1326 1033 1326
990 2607 1012 2607 1012 3164 1065 3164
1033 2880 1057 2797 1070 2556
1074 2329 997 2313 976 2289
1073 3920 1010 3920 1010 3374 1003 3374
1000 3715 1000 3756 1009 3756 1009 3820
2036 1242 2068 1357 2079 1829
2032 12 2032 40 2073 40 2073 223
2048 1534 2048 1377 2035 1377 2035 913
2045 1766 2045 1428 2046 1428 2046 869
2081 401 2081 423 2038 423 2038 455
2050 2125 2050 1356 2090 1356 2090 1330
2065 2060 2065 2126 2029 2126 2029 2509
2059 1986 2059 1883 2054 1883 2054 1715
2063 1893 2063 1987 2052 1987 2052 2538
2002 2695 2002 1908 2049 1908 2049 1209
2035 4062 2035 3983 2060 3983 2060 3959
2030 3148 2030 3177 2095 3177 2095 3527
2057 2403 2057 3148 1997 3148 1997 3526
2054 3265 2054 3269 2053 3269 2053 3287
2062 2301 2062 3395 2034 3395 2034 3758
3112 961 3112 445 3081 445 3081 139
3057 128 3057 355 3030 355 3030 1030
3076 995 3033 995 3033 1507 3022 1507
3067 816 3097 816 3097 1979 3122 1979
3076 932 3060 931 3042 928
3082 2794 3082 2793 3094 2793 3094 1769
3079 1192 3079 1193 3044 1193 3044 1614
3093 1701 3093 2055 3024 2055 3024 3029
3044 2468 3044 2469 3087 2469
3040 1764 3040 1765 3051 1765 3051 2047
3110 2388 3110 2470 3086 2470 3086 2632
3026 3567 3058 2148 3088 2115
3102 3477 3102 3478 3107 3478 3107 3989
3100 2275 3100 2471 3110 2471 3110 2593
3104 3050 3104 2921 3091 2921 3091 2797
1112 3180 2234 3110 3899 2551
2737 3176 2069 3176 2069 693 713 693
2367 3052 3181 3052 3181 1787 3296 1787
3627 1315 3627 1447 3241 1447 3241 2862
55 2795 55 2179 206 2179 206 2160
3879 650 3879 3926 589 3926 589 3927
1617 3330 1617 3212 975 3212 975 1559
1430 2324 1430 1090 3749 1090 3749 728
1820 3580 3113 3580 3113 496 3638 496
1196 1259 933 1259 933 2555 773 2555
171 1452 347 2406 1206 2415
3203 4046 3203 4045 78 4045 78 3803
2759 2655 2759 2642 3478 2642 3478 2609
172 1970 172 1258 1028 1258 1028 1121
1463 727 1463 995 1412 995 1412 1792
2007 306 2007 123 1442 123 1442 102
3774 469 3774 512 2331 512 2331 770
1772 188 1772 959 1032 959 1032 1051
1613 2630 2627 3070 2861 3706
882 3434 950 3434 950 559 1645 559
1946 3223 1946 3147 2043 3147 2043 1909
497 1209 1998 1209 1998 3108 2460 3108
1443 2812 2030 2812 2030 2266 2508 2266
475 1124 475 1382 205 1382 205 3177
3080 2955 3080 2052 2441 2052 2441 1319
2496 1556 2496 2002 2900 2002 2900 3102
2366 137 2366 132 230 132
2073 1819 2073 3349 1479 3349 1479 3439
1859 1008 3771 1008 3771 1133 3797 1133
1192 83 1192 84 3003 84 3003 223
3598 3620 3598 3619 3809 3619 3809 651
1319 44 1319 45 3041 45 3041 978
2763 1663 3085 1663 3085 1052 3129 1052
315 2844 346 2844 346 1982 1847 1982
3366 2671 3093 2671 3093 1208 2692 1208
3186 2334 3186 1979 3713 1979 3713 1730
3252 979 2433 979 2433 310 2363 310
3397 1224 3397 1024 1431 1024 1431 710
2727 3185 2751 3185 2751 2381 2780 2381
3962 3545 3962 2093 1778 2093 1778 2078
2403 2662 2098 2662 2098 3731 1984 3731
2898 3623 2898 2056 1922 2056 1922 2025
2307 371 2307 1033 3007 1033 3007 3733
52 3112 52 1981 1877 1981 1877 1906
3694 2225 2616 2198 1633 2191
3009 1487 3009 1058 174 1058 174 708
881 2751 925 2751 925 807 2688 807
101 2053 3696 2053 3696 2531 3737 2531
2986 320 2933 320 2933 21 505 21
3551 822 3551 916 3847 916 3847 1559
2779 1678 2730 1678 2730 141 2667 141
3881 1847 895 4063 432 4063
721 3358 926 3358 926 119 2993 119
3813 885 3813 3053 2873 3053 2873 3592
2878 1668 3956 1687 3957 3627
1947 3941 1947 3940 1353 3940 1353 3433
1896 914 2080 914 2080 2036 2863 2036
2180 686 685 960 230 1268
2119 1291 2935 1291 2935 3753 3507 3753
1838 3539 1838 3858 1990 3858 1990 3976
577 563 2074 563 2074 2984 2903 2984
1157 3750 1157 3714 966 3714 966 811
1742 447 830 447 830 323 529 323
3939 3149 3877 3149 3877 529 2767 529
1278 429 2075 429 2075 2487 2664 2487
2766 675 2766 1007 2937 1007 2937 3321
2539 1442 2996 1442 2996 3200 3230 3200
1274 3689 1274 3688 49 3688 49 93
986 2054 1008 2054 1008 160 3897 160
1666 490 949 490 949 3345 569 3345
2005 162 1936 163 1909 862
1952 3031 1952 3024 627 3024 627 2441
1638 3654 1638 3211 381 3211 381 1303
1880 990 1880 2524 1553 2524 1553 2615
934 1925 934 1860 1007 1860 1007 1671
570 1430 570 1385 1271 1385 1271 1345
1794 653 1587 961 1538 1422
330 138 401 3212 747 3355
1918 3738 1918 1077 775 1077 775 929
278 3184 278 1457 354 1457 354 1407
109 3708 109 3065 1781 3065 1781 2613
96 3301 96 386 320 386 320 304
488 3599 488 3607 1664 3607
426 3669 951 3669 951 1309 1051 1309
295 236 295 237 665 237 665 545
1169 1769 845 1769 845 1394 531 1394
1829 2914 1829 1107 477 1107 477 1078
1652 1701 1032 1701 1032 2992 681 2992
1604 2119 1056 2119 1056 217 1028 217
1650 3861 1631 2050 1328 1943
530 2226 530 3182 790 3182 790 3379
587 818 363 818 363 2892 327 2892
116 991 116 3715 974 3715 974 3788
1173 4065 1173 3140 1148 3140 1148 2220
1081 3880 1022 3880 1022 1469 989 1469
681 3674 681 3673 960 3673 960 932
1842 3857 1842 1106 1788 1106 1788 859
353 3030 1101 3030 1101 2689 1206 2689
771 1228 771 1821 702 1821 702 3593
1740 2653 1740 2097 417 2097 417 1760
167 2999 167 940 831 940 831 895
631 941 631 1078 1653 1078 1653 1655
786 4069 431 4069 431 3917 265 3917
72 3526 72 3036 1144 3036 1144 2819
562 3145 562 3117 1791 3117 1791 2535
1774 2705 1774 2915 1889 2915 1889 3737
1325 3304 831 3304 831 3839 755 3839
1837 2998 1421 2998 1421 2314 1391 2314
1374 3108 1374 3107 157 3107 157 2926
1593 3104 2036 3103 2040 2282
559 2897 559 3727 738 3727 738 3844
126 2433 599 2370 1307 2363
741 3774 741 3773 1777 3773 1777 3749
1526 2135 1526 3069 1729 3069 1729 3915
633 2546 633 3181 1869 3181 1869 3596
1899 3150 1860 2073 1854 2065
402 2323 402 3675 1289 3675 1289 3796
1515 2118 1977 2118 1977 3030 1989 3030
1930 3366 1930 3350 108 3350 108 3282
208 2499 208 2504 69 2504 69 2525
325 2231 325 2316 657 2316 657 2397
1540 2313 1033 2313 1033 2257 967 2257
1411 2999 1411 2998 598 2998 598 2956
588 2235 1126 2235 1126 2223 1412 2223
839 2495 839 2449 881 2449 881 2379
1065 2089 1071 2089 1071 2799 1350 2799
1115 2322 1115 2315 625 2315 625 2310
431 2260 431 2159 138 2159 138 2128
618 2153 529 2153 529 2438 509 2438
473 2405 473 2378 1661 2378 1661 2214
797 2459 797 2458 762 2458 762 2050
881 2462 881 2451 1350 2451 1350 2384
1489 2478 1489 2107 1294 2107 1294 2056
1476 2453 1472 2453 1472 2175 1148 2175
1331 2167 1331 2224 1153 2224 1153 2293
1712 2523 1712 2077 1827 2077 1827 2049
1167 2127 1167 2133 1932 2133 1932 2232
1955 2200 1955 2245 1859 2245 1859 2250
1759 2060 1696 2060 1696 2182 1661 2182
1896 2074 1896 2132 1740 2132
1545 2082 1545 2083 1760 2083 1760 2258
1384 2242 1384 2241 1098 2241 1098 2069
1478 2227 1478 2234 1603 2234 1603 2237
1361 2206 1282 2206 1282 2301 1174 2301
1036 2287 1036 2261 1835 2261 1835 2247
1762 2213 1762 2265 1156 2265 1156 2294
1156 2199 1156 2200 1065 2200 1065 2285
1247 2203 1247 2202 1374 2202 1374 2186
1033 2203 1056 2208 1270 2213
1229 2210 1229 2219 1125 2219 1125 2224
1401 2216 1279 2207 1074 2196
1419 2198 1419 2224 1336 2224 1336 2232
1492 2230 1492 2208 1333 2208 1333 2206
1172 2176 1172 2201 1107 2201 1107 2213
1456 2193 1456 2204 1172 2204 1172 2211
1216 2222 1331 2222 1331 2209 1393 2209
1118 2181 1099 2182 1085 2184
1436 2229 1436 2212 1435 2212 1435 2201
1371 2184 1371 2185 1432 2185 1432 2227
1359 2214 1417 2214 1417 2237 1511 2237
1283 2233 1357 2233 1357 2228 1398 2228
1290 2199 1290 2189 1310 2189 1310 2177
