4096 4096
539
728 368 727 368 727 661 519 661
382 419 383 419 383 518 941 518
617 56 717 56 717 531 756 531
725 370 724 370 724 97 673 97
704 801 728 801 728 407 737 407
70 816 71 816 71 390 145 390
670 224 671 224 671 820 871 820
926 979 925 979 925 845 70 845
527 1152 654 1152 654 1384 941 1384
804 1419 1009 1419 1009 1521 1013 1521
373 1402 372 1402 372 1340 351 1340
976 1059 975 1059 975 1063 567 1063
223 1621 224 1621 224 1287 998 1287
969 1471 968 1471 968 1805 394 1805
913 1961 514 1961 514 1290 499 1290
867 1098 747 1098 747 1975 694 1975
799 2385 869 2385 869 2349 964 2349
569 2263 443 2263 443 2533 402 2533
1006 2709 930 2367 889 2213
829 2937 194 2937 194 2519 149 2519
415 2621 416 2621 416 2176 459 2176
985 2797 985 2800 195 2800 195 2809
710 3045 672 3045 672 2130 667 2130
424 2195 423 2195 423 2788 334 2788
115 3686 116 3686 116 3574 526 3574
367 3939 988 3939 988 3702 1020 3702
740 3077 684 3077 684 3251 483 3251
34 3894 35 3894 35 3869 364 3869
758 4030 325 4030 325 3773 247 3773
537 4020 537 3307 685 3307 685 3185
207 3540 114 3540 114 3790 21 3790
446 3472 446 3358 934 3358 934 3096
1915 889 1859 889 1859 187 1035 187
1111 693 1112 693 1112 672 1147 672
1601 328 1602 328 1602 956 1779 956
1576 656 1725 656 1725 575 1732 575
1355 916 1355 791 1084 791 1084 162
1083 725 1522 725 1522 185 1721 185
1396 501 1111 501 1111 689 1109 689
1700 234 1575 234 1575 729 1282 729
1052 1099 1111 1099 1111 1046 1596 1046
1891 2016 1907 2016 1907 1107 1944 1107
1422 1267 1421 1267 1421 1396 1084 1396
2023 1165 2021 1165 2021 1754 1521 1754
1737 1367 1737 1397 1118 1397 1118 1807
1847 1738 1846 1738 1846 1476 1152 1476
1428 1383 1869 1383 1869 1718 1991 1718
1544 1884 1545 1884 1545 1545 1769 1545
1619 2833 1429 2833 1429 2225 1224 2225
1973 2658 1749 2658 1749 3059 1492 3059
1850 2136 1939 2136 1939 2921
1699 2728 1698 2728 1698 2380 1627 2380
1056 2765 1422 2765 1422 2234 2026 2234
1783 2359 1784 2359 1784 2497 1912 2497
2030 3009 2030 3000 1754 3000 1754 2755
1395 2554 1396 2554 1396 2436 1575 2436
1288 3388 1389 3388 1389 4066 1808 4066
1486 3673 1502 3673 1502 3469 1973 3469
1959 3452 1958 3452 1958 4027 1868 4027
1418 3302 1418 3289 1891 3289 1891 3250
1141 3341 1142 3341 1142 4046 1185 4046
1482 3776 1482 3689 1679 3689 1679 3482
1494 3541 1457 3541 1457 3260 1452 3260
2004 3584 1976 3584 1976 3722 1739 3722
2447 110 2446 110 2446 623 2302 623
2355 70 2354 70 2354 62 2208 62
2180 897 2342 897 2342 773 2945 773
2072 446 2073 446 2073 801 2096 801
2137 203 2138 203 2138 775 2341 775
2522 247 2532 247 2532 978 2547 978
2689 85 2589 85 2589 656 2567 656
2053 385 2074 385 2074 559 2114 559
2162 1726 2163 1255 2307 1188
2866 1625 2865 1625 2865 1110 2796 1110
2885 1191 2884 1191 2884 1362 2677 1362
2794 1704 2642 1613 2590 1265
2827 1912 2609 1912 2609 1658 2519 1658
2826 1497 2676 1497 2676 1043 2619 1043
3051 1849 3020 1849 3020 1656 2489 1656
2610 1742 2867 1742 2867 1400 2952 1400
2900 2953 2900 2561 2424 2561 2424 2405
2966 2338 2965 2338 2965 2350 2555 2350
2475 2479 2483 2479 2483 2087 2729 2087
2255 3071 2255 2961 3024 2961 3024 2504
2696 2164 2535 2164 2535 2774 2252 2774
2658 2344 2554 2344 2554 2534 2413 2534
2101 2620 2175 2620 2175 2342 2231 2342
2788 2729 2356 2383 2254 2101
2246 3271 2246 3335 3049 3335 3049 3347
2568 3937 2568 3505 2845 3505 2845 3369
2151 3330 2152 3330 2152 3436 2307 3436
3047 3912 3046 3912 3046 4004 2389 4004
2890 3245 2883 3245 2883 3933 2751 3933
2700 3905 2700 3870 2553 3870 2553 3108
2382 3997 2569 3997 2569 3169 2709 3169
2367 3628 2469 3628 2469 3475 2661 3475
4039 1 3679 773 3537 932
3742 251 3741 251 3741 641 3690 641
3807 641 3806 641 3806 526 3388 526
3952 990 3951 990 3951 851 3888 851
3566 648 3567 648 3567 513 3679 513
3675 37 3808 37 3808 772 4015 772
3538 347 3539 347 3539 280 3639 280
3453 58 3454 58 3454 164 4058 164
3758 1742 3226 1377 3095 1270
3679 1279 4001 1279 4001 1803 4022 1803
4084 1997 4083 1997 4083 1872 3222 1872
3685 1106 3961 1106 3961 1240 3975 1240
3716 1354 3762 1354 3762 1694 3798 1694
4000 1773 3761 1773 3761 1386 3444 1386
3079 1034 3079 1067 3501 1067 3501 1271
3905 1270 3904 1270 3904 1129 3723 1129
4028 2517 4027 2517 4027 2760 3987 2760
3271 2312 3712 2312 3712 2864 3774 2864
4026 2785 3986 2785 3986 2682 3352 2682
3240 2587 3241 2587 3241 2612 3317 2612
4067 2799 4066 2799 4066 2314 3964 2314
3711 2560 3710 2560 3710 2663 3107 2663
3789 2115 3788 2115 3788 2274 3431 2274
3159 2794 3790 2794 3790 2103 4026 2103
3610 3840 3801 3840 3801 3932 4085 3932
4038 3925 4037 3925 4037 3754 3125 3754
3985 3349 3984 3349 3984 3241 3506 3241
3434 3105 3434 3106 3131 3106 3131 3571
3233 4019 3234 4008 3421 3993
3840 4079 3839 4079 3839 3676 3472 3676
4043 3220 4044 3220 4044 3315 4092 3315
3910 3525 3910 3634 3143 3634 3143 3703
839 1006 840 1006 840 1071 1395 1071
1579 1031 1110 1031 1110 1068 883 1068
643 1074 644 1074 644 1030 685 1030
1273 1004 1272 1004 1272 1007 936 1007
1698 976 1697 976 1697 1041 1111 1041
671 1999 671 2014 1032 2014 1032 2032
311 2043 311 2016 1400 2016 1400 2014
584 2079 583 2079 583 2022 446 2022
608 2005 445 2005 445 2075 404 2075
1140 2042 1141 2042 1141 2044 1243 2044
996 3057 1113 3057 1113 3111 1238 3111
1830 3114 1112 3114 1112 3067 332 3067
251 3089 252 3089 252 3086 605 3086
879 3086 935 3086 935 3100 1203 3100
951 3103 950 3103 950 3080 886 3080
2766 1010 2765 1010 2765 1057 2692 1057
1127 1068 1128 1068 1128 1063 2074 1063
1157 992 1597 992 1597 1070 2306 1070
1747 1009 1748 1009 1748 1055 2123 1055
2543 1006 2354 1006 2354 1042 2083 1042
1711 2022 1498 2022 1498 2069 1214 2069
2176 1997 1991 1997 1991 2043 1561 2043
1856 2066 1857 2066 1857 2014 1906 2014
1923 2018 1139 2018 1139 2043 1094 2043
2921 2084 1855 2084 1855 2052 1133 2052
2300 3082 1491 3082 1491 3032 1046 3032
2137 3094 2554 3094 2554 3111 2766 3111
1524 3073 2256 3073 2256 3062 3031 3062
3057 3038 3056 3038 3056 3111 2869 3111
1187 3036 1187 3083 2943 3083 2943 3119
3569 1055 3500 1055 3500 988 2195 988
2515 1028 2514 1028 2514 1045 2103 1045
2767 1010 2768 1010 2768 999 3224 999
3362 1066 3108 1066 3108 1025 2629 1025
3146 975 3501 975 3501 1042 3962 1042
3173 2050 3174 2050 3174 2057 3584 2057
3250 2084 3249 2084 3249 2030 3178 2030
2375 2064 2371 2064 2371 2028 2344 2028
3004 2012 2305 2012 2305 2069 2072 2069
3929 2044 2365 2044 2365 2047 2306 2047
2657 3086 2658 3086 2658 3094 3009 3094
3832 3024 3832 3032 3276 3032 3276 3105
2748 3043 3032 3043 3032 3093 3284 3093
3356 3058 3357 3058 3357 3047 3575 3047
3692 3063 3691 3063 3691 3029 2914 3029
1028 368 1029 368 1029 971 1063 971
1006 1459 1007 1459 1007 1994 1015 1994
995 2013 999 2013 999 410 1010 410
1040 9 1041 9 1041 774
1037 1098 1038 1098 1038 1190 1046 1190
990 1831 989 1831 989 2333 988 2333
1047 2603 1050 2603 1050 3041 1071 3041
1012 2633 997 2801 976 2885
995 1742 994 1742 994 1814 977 1814
1004 2282 1014 2282 1014 2505 1055 2505
979 2831 980 2831 980 2925 1035 2925
1022 3376 1017 3376 1017 3361 1013 3361
1008 3147 1009 3147 1009 2969 1049 2969
980 2461 980 2634 1000 2634 1000 3037
1017 2469 1042 2469 1042 2205 1052 2205
2052 1418 2032 1418 2032 869 2027 869
2066 114 2014 114 2014 272 1999 272
2084 1594 2083 1594 2083 1292 2022 1292
2089 971 2082 971 2082 1163 2033 1163
2081 1352 2080 1352 2080 1519 2056 1519
2068 1184 2052 1184 2052 2750 1999 2750
2065 2170 2058 2170 2058 2924 2004 2924
2097 2812 2096 2812 2096 2424 2095 2424
2008 2864 2053 2864 2053 1295 2074 1295
2074 2399 2081 2399 2081 2249 2096 2249
2077 2889 2057 2889 2057 2625 2038 2625
2091 3350 2068 3350 2068 2224 2050 2224
2082 2545 2082 3010 2019 3010 2019 3857
2076 3877 2048 3877 2048 3253 2033 3253
2095 2436 2095 3011 2069 3011 2069 3340
3021 1692 3022 1692 3022 313 3106 313
3094 1567 3093 1567 3093 1805 3061 1805
3095 1682 3095 1566 3078 1566 3078 618
3050 877 3051 877 3051 1259 3068 1259
3080 466 3077 466 3077 1274 3054 1274
3030 1886 3029 1886 3029 1998 3024 1998
3090 1031 3090 1271 3104 1271 3104 2179
3065 1439 3064 1439 3064 2874
3112 1347 3113 1347 3113 1918
3075 1914 3091 1914 3091 2510 3102 2510
3036 2498 3035 2498 3035 3244 3021 3244
3081 2627 3082 2627 3082 2371 3089 2371
3081 2877 3080 2877 3080 3660 3049 3660
3034 3623 3065 3623 3065 2462 3090 2462
3089 3495 3090 3495 3090 2996 3115 2996
1041 2358 1041 2386 444 2386 444 3991
1727 842 2015 842 2015 171 2129 171
279 1734 280 1734 280 967 483 967
3114 3727 3114 1385 3600 1385 3600 1153
605 3616 1518 3616 1518 3998 3859 3998
968 3151 1072 3151 1072 406 2593 406
2663 2003 4023 2003 4023 3 4057 3
2998 3330 2998 2299 1868 2299 1868 1511
299 3764 299 1830 2738 1830 2738 1614
4038 3465 4037 3465 4037 20 217 20
3170 4035 3174 4035 3174 3307 3178 3307
1633 2946 1618 2946 1618 3358 1504 3358
3323 200 609 200 609 3227 526 3227
1954 78 1954 1046 2342 1046 2342 2573
1922 2545 1922 1856 3960 1856 3960 1191
2887 265 2887 957 1703 957 1703 1379
1521 246 1520 246 1520 301 728 301
3610 1818 3610 955 1715 955 1715 502
1010 2601 1010 2847 3153 2847 3153 3633
3971 784 3971 1851 1137 1851 1137 3180
3662 1086 3662 1850 942 1850 942 2708
1755 3273 1730 3273 1730 2313 1704 2313
1112 792 1112 958 3109 958 3109 1032
2919 1977 1990 1977 1990 2123 1818 2123
3173 3852 3173 3770 2061 3770 2061 3657
1278 3403 1390 3403 1390 3771 2683 3771
1554 2188 618 2188 618 2649 579 2649
1140 3398 951 3398 951 3668 820 3668
3695 2194 3695 2195 1430 2195 1430 2233
1762 3306 1412 3306 1412 2488 1309 2488
2537 3272 2537 2995 3111 2995 3111 2924
539 3378 539 3359 2450 3359 2450 2635
184 2324 184 3778 1193 3778 1193 3818
3685 3402 3351 3402 3351 2471 2230 2471
1691 2783 996 2783 996 2817 621 2817
1944 2846 3179 2846 3179 3609 3595 3609
1673 2519 1584 2519 1584 3333 1527 3333
4078 2950 4078 2845 1883 2845 1883 2748
1240 3352 951 3352 951 3308 550 3308
3800 3895 1964 3895 1964 3017 1852 3017
2769 2336 3406 2336 3406 2381 3656 2381
3951 3415 3950 3415 3950 2169 3137 2169
2686 3506 3545 3462 3694 3295
2808 3046 2808 3112 2940 3112 2940 3944
2948 3862 3115 3862 3115 3017 3136 3017
3755 3969 3088 3969 3088 3222 2756 3222
2536 2203 2906 2337 3071 4005
2228 3637 2229 3637 2229 4068 2619 4068
2069 3510 2069 3465 3062 3465 3062 3250
2232 3207 2334 2925 2837 2135
3010 3637 2997 3637 2997 2908 2931 2908
2714 3344 2714 3360 2049 3360 2049 3364
2684 3871 2552 3871 2552 3678 2465 3678
2158 3504 2159 3504 2159 4094 2562 4094
2730 3876 2730 3875 2118 3875 2118 3744
2935 3282 2935 3467 2176 3467 2176 3751
2514 3975 2731 3975 2731 3863 2846 3863
2773 3731 2567 3731 2567 3598 2386 3598
2792 4008 2791 4008 2791 4056 2734 4056
2099 3880 2408 3880 2408 3693 2460 3693
2337 3587 2462 3587 2462 3876 2647 3876
3065 3883 2947 3883 2947 3798 2884 3798
3013 3802 2946 3802 2946 4040 2808 4040
2708 3603 2804 3603 2804 3653 2971 3653
2987 3728 3041 3728 3041 3860 3060 3860
2892 3952 2792 3952 2792 3707 2700 3707
2572 3743 2573 3743 2573 3611 2633 3611
2793 3738 2794 3738 2794 3761 2859 3761
2842 3698 2803 3698 2803 3624 2604 3624
3035 3634 3034 3634 3034 3722 2804 3722
2931 3795 2834 3730 2649 3640
2631 3711 2800 3711 2800 3615 2803 3615
2741 3628 2740 3628 2740 3653 2600 3653
2585 3670 2586 3670 2586 3634 2636 3634
2673 3656 2674 3656 2674 3590 2750 3590
2715 3772 2714 3772 2714 3812 2631 3812
2618 3664 2617 3664 2617 3691
2608 3641 2597 3641 2597 3706 2569 3706
2684 3625 2684 3637 2799 3637 2799 3658
2598 3679 2696 3679 2696 3669 2733 3669
2618 3710 2788 3710 2788 3684 2792 3684
2746 3588 2745 3588 2745 3694 2736 3694
2775 3584 2794 3584 2794 3701 2796 3701
2733 3594 2730 3594 2730 3651 2727 3651
2807 3588 2807 3591 2715 3591 2715 3635
2739 3594 2738 3594 2738 3636 2703 3636
2709 3697 2709 3693 2743 3693 2743 3675
2763 3652 2762 3652 2762 3698 2696 3698
2742 3652 2743 3652 2743 3654 2793 3654
2802 3708 2793 3708 2793 3680 2773 3680
2787 3695 2735 3695 2735 3691 2694 3691
2736 3664 2708 3664 2708 3686 2692 3686
2694 3673 2695 3673 2695 3656 2706 3656
2709 3671 2710 3671 2710 3701 2746 3701
2738 3661 2739 3661 2739 3688 2741 3688
2699 3709 2699 3706 2749 3706 2749 3677
957 2340 957 1960 748 1960 748 1934
493 2180 494 2180 494 1872 539 1872
931 2085 930 2085 930 2061 829 2061
879 2206 878 2206 878 2221 619 2221
622 2085 621 2085 621 2006 564 2006
673 2550 679 2550 679 2794 845 2794
666 2407 665 2407 665 2687 623 2687
901 2513 622 2513 622 2719 596 2719
793 2827 516 2827 516 2692 467 2692
844 2700 844 2650 696 2650 696 2429
675 2996 741 2996 741 3114 908 3114
714 3232 830 3232 830 2924 901 2924
837 3354 838 3354 838 2947 898 2947
732 3112 731 3112 731 3123 520 3123
478 3014 479 3014 479 2895 888 2895
879 3777 572 3777 572 3717 518 3717
644 3451 644 3575 479 3575 479 3754
573 3750 573 3615 734 3615 734 3518
555 3864 556 3864 556 3784 823 3784
861 3470 860 3470 860 3606 851 3606
1026 1951 1194 1951 1194 2043 1349 2043
1192 1959 1193 1959 1193 2117 1316 2117
1138 1949 1401 1949 1401 2318 1421 2318
972 1927 989 2015 1027 2188
1080 1886 1080 1950 1364 1950 1364 1971
1416 2448 1415 2448 1415 2621 1078 2621
1282 2408 1281 2408 1281 2594 1153 2594
1283 2425 1284 2425 1284 2372 1417 2372
1299 2408 1298 2408 1298 2822 1202 2822
1090 2729 1077 2729 1077 2599 1074 2599
1387 3071 1386 3071 1386 2980 1127 2980
1230 3151 1239 3151 1239 2881 1434 2881
1256 3123 1257 3123 1257 3317 1270 3317
1298 3315 1211 3315 1211 3243 1130 3243
1035 3204 1240 3204 1240 3025 1469 3025
1180 3511 1179 3511 1179 3440 1167 3440
1312 3856 1113 3856 1113 3749 1091 3749
1294 3858 1293 3858 1293 3680 1166 3680
1138 3507 1139 3507 1139 3618 1304 3618
1193 3403 1193 3404 1388 3404 1388 3654
1741 2307 1791 2307 1791 1866 1813 1866
1482 1929 1790 1929 1790 2240 1906 2240
1555 2351 1556 2351 1556 2217 1789 2217
1938 2203 1937 2203 1937 2238 1897 2238
1861 2324 1860 2324 1860 2354 1770 2354
1923 2497 1888 2546 1771 2641
1698 2770 1699 2770 1699 2858 1839 2858
1644 2686 1643 2686 1643 2859 1599 2859
1505 2663 1506 2663 1506 2729 1866 2729
1657 2858 1590 2435 1497 2369
1619 3013 1620 3013 1620 3020 1815 3020
1886 3299 1887 3299 1887 3382 1953 3382
1920 3269 1919 3269 1919 3230 1731 3230
1891 3163 1890 3163 1890 3053 1760 3053
1903 3129 1903 3019 1644 3019 1644 2903
1722 3838 1721 3838 1721 3745 1661 3745
1483 3533 1483 3725 1862 3725 1862 3880
1955 3724 1738 3724 1738 3675 1692 3675
1490 3589 1491 3589 1491 3560 1849 3560
1497 3690 1680 3690 1680 3387 1869 3387
2348 2230 2347 2230 2347 2287 2167 2287
2487 2065 2482 2065 2482 2304 2357 2304
2243 2029 2242 2029 2242 1857 2220 1857
2396 2045 2395 2045 2395 2189 2361 2189
2107 1926 2177 1926 2177 2194 2345 2194
2070 2812 2070 2773 2478 2773 2478 2761
2059 2728 2060 2728 2060 2721 2299 2721
2260 2572 2236 2572 2236 2866 2138 2866
2237 2575 2244 2597 2390 2771
2489 2562 2356 2562 2356 2750 2135 2750
2075 3169 2076 3169 2076 3187 2380 3187
2301 3150 2032 3150 2032 3340 2021 3340
2401 3212 2401 3149 2126 3149 2126 2890
2395 2926 2402 2926 2402 3268 2478 3268
2341 3334 2381 3334 2381 2962 2395 2962
2252 3466 2157 3466 2157 3686 2129 3686
2008 3390 2010 3390 2010 3773 2095 3773
2332 3392 2331 3392 2331 3731 2298 3731
2219 3726 2220 3726 2220 3513 2468 3513
2407 3866 2297 3866 2297 3633 2183 3633
523 2374 523 2341 1090 2341 1090 2335
1173 2339 1172 2339 1172 2342 908 2342
1307 2375 1308 2375 1308 2381 1457 2381
778 2353 1173 2353 1173 2341 1183 2341
1211 2354 1212 2354 1212 2369 1258 2369
1040 2851 1039 2851 1039 2852 779 2852
1102 2864 1103 2864 1103 2870 1337 2870
640 2846 640 2871 1430 2871 1430 2880
1387 2890 975 2890 975 2878 796 2878
881 2865 778 2865 778 2850 687 2850
1005 3380 1004 3380 1004 3382 757 3382
809 3390 810 3390 810 3399 858 3399
1220 3368 1192 3368 1192 3408 952 3408
1047 3364 1221 3364 1221 3373 1356 3373
539 3364 540 3364 540 3403 648 3403
1191 2337 1192 2337 1192 2344 1404 2344
1352 2352 1351 2352 1351 2349 1244 2349
1293 2336 1190 2336 1190 2361 1120 2361
1326 2353 1325 2353 1325 2362 1262 2362
1920 2372 1920 2368 1446 2368 1446 2340
1421 2865 1474 2865 1474 2897 1544 2897
1011 2870 1041 2870 1041 2850 1043 2850
1970 2873 1969 2873 1969 2848 1787 2848
1946 2886 1482 2886 1482 2856 1009 2856
1985 2882 1675 2882 1675 2865 1631 2865
1259 3378 1258 3378 1258 3384 1007 3384
1520 3360 1519 3360 1519 3407 1461 3407
1041 3395 1042 3395 1042 3361 1875 3361
1987 3382 1986 3382 1986 3398 1844 3398
1784 3364 1870 3364 1870 3395 1886 3395
2174 2363 2174 2358 1704 2358 1704 2346
1534 2360 1534 2357 2337 2357 2337 2351
1535 2341 2338 2341 2338 2351 2425 2351
2057 2346 2056 2346 2056 2380 1795 2380
2235 2350 2234 2350 2234 2385 1999 2385
2489 2871 2007 2871 2007 2860 1750 2860
2254 2861 2253 2861 2253 2880 1855 2880
2389 2860 2314 2860 2314 2869 2136 2869
2419 2885 2418 2885 2418 2883 1856 2883
1483 2871 1483 2870 2447 2870 2447 2866
2434 3375 2433 3375 2433 3378 2376 3378
1566 3392 1768 3370 2381 3364
1578 3389 1579 3389 1579 3383 1860 3383
2212 3398 2213 3398 2213 3371 2378 3371
2045 3386 2045 3381 1600 3381 1600 3361
957 2635 956 2635 956 2105
966 2287 967 2287 967 2348 976 2348
980 2065 979 2065 979 2179 972 2179
975 2134 974 2134 974 2017 972 2017
968 2715 967 2715 967 2765 947 2765
947 2368 947 2602 954 2602 954 3340
980 2926 979 2926 979 2601 948 2601
968 2807 946 2807 946 2478 944 2478
948 2825 952 2825 952 3309 983 3309
960 3121 961 3121 961 2926 978 2926
943 3205 948 3205 948 3101 949 3101
977 2901 976 2901 976 3732 966 3732
955 3582 955 3772 987 3772 987 3893
968 3376 963 3376 963 3771 958 3771
963 3828 942 3828 942 3171 940 3171
1461 2297 1460 2297 1460 2357
1491 1921 1481 1921 1481 2554 1472 2554
1474 1920 1473 1920 1473 1977
1452 1872 1453 1872 1453 1876 1497 1876
1461 2486 1462 2486 1462 2189 1470 2189
1473 2877 1472 2877 1472 3284 1467 3284
1495 2982 1481 2982 1481 2624 1476 2624
1473 2953 1473 2983 1495 2983 1495 3056
1485 3328 1471 3328 1471 2887 1455 2887
1495 2940 1490 2940 1490 3255
1496 3196 1496 2939 1491 2939 1491 2936
1454 3597 1453 3597 1453 3432 1452 3432
1501 3643 1489 3643 1489 3013 1484 3013
1481 3051 1481 3239 1458 3239 1458 3466
1454 2970 1455 2970 1455 3876 1486 3876
1967 2790 1967 2749 2012 2749 2012 2676
2000 2840 2000 2827 1982 2827 1982 2773
2001 2322 2002 2322 2002 2485 2008 2485
1998 2119 1998 2486 2007 2486 2007 2703
2003 2631 1997 2631 1997 2391 1993 2391
2011 2477 2011 2733 1979 2733 1979 3234
1978 3255 1980 3255 1980 3051 2011 3051
1979 3289 1977 3289 1977 2465 1964 2465
1982 3315 1983 3315 1983 3001 1984 3001
1970 2973 1986 2973 1986 2828 1999 2828
1975 3836 1978 3836 1978 3607 2013 3607
1969 2904 1974 2904 1974 3837 1991 3837
2013 3324 2013 3585 1977 3585 1977 3790
1965 3100 1965 3316 1995 3316 1995 3448
1965 2956 1976 2956 1976 3513 2009 3513
964 3594 1434 3594 1434 2942 1472 2942
1730 3290 2014 3290 2014 3619 2461 3619
2250 2960 2335 2960 2335 2453
2080 2319 1433 2372 1311 3262
1834 2015 1834 2308 1676 2308 1676 2876
2151 2316 2151 2135 1499 2135 1499 2050
2482 2332 2250 2400 2027 2435
2320 2003 1992 2003 1992 2725 1878 2725
1265 2094 1266 2094 1266 2062 1292 2062
1458 2573 1645 2573 1645 2719 1778 2719
1411 2499 1411 2595 955 2595 955 2701
2044 2492 1797 2730 1585 2768
1413 2571 1646 2571 1646 2678 2050 2678
1451 2732 2009 2732 2009 2450 2306 2450
2330 2660 1608 2660 1608 2720 832 2720
1195 2731 1055 2731 1055 2768 759 2768
725 2867 584 2867 584 2630 551 2630
715 2505 716 2505 716 2503 1013 2503
1340 2582 1211 2582 1211 2360 1195 2360
1012 2850 1009 2850 1009 2493 923 2493
959 2673 945 2673 945 2833 748 2833
481 2801 482 2801 482 2822 512 2822
1409 2672 1408 2672 1408 2658 477 2658
681 2651 831 2651 831 2747 901 2747
917 2702 916 2702 916 2725 905 2725
913 2682 912 2682 912 2705 504 2705
797 2708 667 2708 667 2692 635 2692
619 2632 620 2632 620 2713 830 2713
657 2718 680 2718 680 2751 927 2751
669 2717 668 2717 668 2848 666 2848
853 2747 853 2748 611 2748 611 2789
561 2795 563 2795 563 2853 566 2853
858 2835 595 2835 595 2806 585 2806
898 2848 825 2848 825 2843 815 2843
947 2865 946 2865 946 2840 915 2840
513 2862 470 2862 470 2790 466 2790
490 2794 596 2794 596 2806 669 2806
629 2799 610 2799 610 2763 516 2763
695 2864 694 2864 694 2857 555 2857
678 2746 677 2746 677 2768 663 2768
509 2802 508 2802 508 2817 490 2817
541 2790 540 2790 540 2857
464 2787 506 2787 506 2845 548 2845
504 2790 504 2762 579 2762 579 2744
494 2747 495 2747 495 2761 572 2761
486 2854 487 2854 487 2861 560 2861
573 2829 572 2829 572 2858 471 2858
479 2842 554 2842 554 2833 557 2833
578 2865 562 2865 562 2835 559 2835
496 2866 497 2866 497 2865 560 2865
472 2837 519 2837 519 2813 559 2813
562 2820 561 2820 561 2815 552 2815
574 2826 571 2826 571 2829 521 2829
486 2834 513 2834 513 2817 518 2817
462 2828 462 2835 553 2835 553 2837
