4096 4096
1581
358 3 358 6 698 6 698 38
789 129 981 129 981 612 999 612
260 519 259 519 259 478 65 478
1020 684 1019 684 1019 80 598 80
979 240 151 240 151 369 110 369
316 858 316 585 908 585 908 577
106 632 106 910 642 910 642 962
587 351 762 351 762 737 781 737
443 279 442 279 442 461 326 461
779 244 779 555 543 555 543 918
390 362 391 362 391 134 761 134
140 420 560 420 560 467 793 467
760 753 760 584 20 584 20 299
347 73 373 73 373 676 479 676
1014 1009 542 1009 542 659 498 659
572 1008 971 1008 971 639 988 639
453 24 231 24 231 888 219 888
37 351 38 351 38 551 717 551
46 2 104 2 104 1016 402 1016
918 216 796 216 796 784 575 784
232 282 233 282 233 379 293 379
1003 788 1002 788 1002 797 137 797
420 95 325 95 325 489 308 489
941 696 940 696 940 625 923 625
637 464 636 464 636 416 567 416
421 557 307 557 307 444 254 444
546 909 546 624 761 624 761 389
559 429 558 429 558 477 286 477
635 972 635 912 256 912 256 455
288 984 288 976 807 976 807 613
268 437 285 437 285 873 511 873
1013 351 1013 370 43 370 43 910
746 311 234 311 234 970 223 970
589 468 565 468 565 337 510 337
241 231 980 231 980 798 986 798
195 920 544 920 544 913 576 913
430 490 389 490 389 64 183 64
718 655 719 655 719 872 826 872
830 671 819 671 819 263 618 263
568 717 569 717 569 770 970 770
695 701 82 701 82 720 34 720
287 313 308 313 308 554 660 554
700 37 850 37 850 976 865 976
308 91 309 91 309 809 347 809
570 688 566 181 565 85
730 325 745 325 745 685 746 685
282 121 284 121 284 993 326 993
686 63 687 63 687 56 849 56
942 411 936 411 936 71 608 71
393 867 512 867 512 995 526 995
174 1595 251 1595 251 1107 556 1107
392 1527 418 1527 418 1829 664 1829
868 1464 854 1464 854 1091 680 1091
126 1917 126 1643 362 1643 362 1567
142 1162 154 1162 154 1873 412 1873
712 1739 888 1739 888 1264 910 1264
269 1681 291 1681 291 1859 481 1859
254 1234 380 1234 380 1238 968 1238
600 2043 98 1098 48 1073
59 1546 60 1546 60 1300 384 1300
579 1536 578 1536 578 1461 310 1461
327 1787 327 1738 749 1738 749 1614
817 1541 725 1541 725 1444 456 1444
285 1884 153 1884 153 1779 116 1779
479 1775 703 1775 703 1831 785 1831
379 1238 58 1238 58 1663 20 1663
156 1988 156 1986 831 1986 831 1366
768 1242 268 1242 268 1848 77 1848
275 1496 275 1387 451 1387 451 1046
579 1788 665 1788 665 1833 760 1833
459 1854 459 1885 284 1885 284 1978
417 1686 486 1834 799 1845
4 1140 5 1140 5 1558 153 1558
739 1770 739 1231 714 1231
232 1211 57 1211 57 1507 9 1507
460 1621 459 1621 459 1644 201 1644
131 1757 131 1772 1014 1772 1014 1812
293 1493 490 1493 490 1751 938 1751
645 1249 702 1249 702 1759 725 1759
621 1835 622 1835 622 1966 659 1966
463 1303 464 1303 464 1128 467 1128
664 1240 646 1240 646 1813 541 1813
943 1783 213 1783 213 1988 124 1988
809 1221 643 1221 643 1400 398 1400
922 1148 922 1771 433 1771 433 1779
652 1815 485 1815 485 2014 283 2014
307 1079 138 1079 138 1580 130 1580
883 1517 724 1517 724 1682 330 1682
290 1878 290 1443 738 1443 738 1244
482 1113 509 1113 509 1157 704 1157
525 1142 525 1155 778 1155 778 1322
985 1100 909 1100 909 1032 505 1032
562 1857 658 1857 658 1749 659 1749
644 1225 810 1225 810 1149 928 1149
507 1651 507 1601 610 1601 610 1483
839 1148 642 1148 642 1388 413 1388
99 1468 100 1468 100 1045 823 1045
406 1800 200 1800 200 1084
724 2954 868 2954 868 2704 891 2704
608 2903 440 2903 440 2898 282 2898
70 2274 712 2274 712 2665 799 2665
19 2319 546 2319 546 2374 863 2374
775 2049 352 2049 352 2534 228 2534
441 2901 535 2901 535 2661 696 2661
402 2194 402 2171 149 2171 149 2055
221 2980 221 2976 534 2976 534 2661
97 2197 98 2197 98 2172 295 2172
20 2361 21 2361 21 3055 363 3055
711 2148 19 2148 19 2243 14 2243
844 2989 843 2989 843 2967 828 2967
286 2853 492 2853 492 2505 875 2505
926 2298 927 2298 927 2381 943 2381
304 2724 304 2112 596 2112 596 2092
745 2114 744 2114 744 2258 484 2258
804 2179 804 2195 6 2195 6 2938
474 2147 474 2158 651 2158 651 2648
518 2459 518 2878 297 2878 297 2943
550 2800 545 2800 545 2428 504 2428
141 2363 342 2363 342 2772 795 2772
651 2678 652 2678 652 3005 681 3005
79 2863 79 2289 965 2289 965 2198
18 2259 18 2090 726 2090 726 2068
22 2476 23 2476 23 2118 748 2118
490 2864 285 2864 285 2597 210 2597
803 2119 980 2119 980 2951 997 2951
587 2484 587 2542 634 2542 634 3029
390 2215 389 2215 389 2221 324 2221
845 3047 633 3047 633 2977 528 2977
948 2414 756 2414 756 2214 20 2214
406 2260 407 2260 407 2306 537 2306
32 2763 32 2961 726 2961 726 2978
349 2316 547 2316 547 2662 650 2662
508 2641 508 2317 162 2317 162 2305
116 2324 343 2324 343 2482 702 2482
842 2120 128 2120 128 2894 117 2894
428 2125 429 2125 429 2134 976 2134
541 2243 101 2243 101 2630
474 2982 743 2982 743 2877 792 2877
804 2876 284 2876 284 2198 131 2198
681 2242 680 2242 680 2439 518 2439
286 2536 353 2536 353 2318 468 2318
1002 2955 977 2955 977 2684 679 2684
851 2493 521 2493 521 2742 325 2742
711 2293 490 2293 490 2563 418 2563
586 2096 130 2096 130 2947 129 2947
193 3598 146 3598 146 3531 30 3531
235 3402 236 3402 236 3429 1008 3429
207 3788 207 3401 236 3401 236 3391
14 3450 14 3754 468 3754 468 3759
399 3327 398 3327 398 3973 41 3973
907 3198 833 3198 833 3978 666 3978
101 3357 102 3357 102 3942 430 3942
503 3985 561 3985 561 3601 577 3601
525 3842 524 3842 524 3942 493 3942
329 3663 419 3663 419 3708 560 3708
241 3532 241 3531 424 3531 424 3402
407 3259 469 3259 469 4060 485 4060
801 3976 800 3976 800 3900 677 3900
837 3695 836 3695 836 4038 289 4038
970 3292 962 3292 962 3141 837 3141
467 3505 466 3505 466 3518 400 3518
485 3787 961 3787 961 3625 977 3625
389 3292 388 3292 388 3515 368 3515
202 3230 71 3230 71 3940 53 3940
857 3134 506 3134 506 3464 500 3464
963 4022 665 4022 665 3628 642 3628
498 3335 497 3335 497 3193 440 3193
68 3846 68 3178 151 3178 151 3087
1000 3149 977 3149 977 3844 807 3844
592 3381 591 3381 591 3385 516 3385
769 3267 514 3267 514 3768 363 3768
662 4026 237 4017 114 3378
240 3290 242 3290 242 3710 832 3710
404 3792 470 3792 470 3570 481 3570
315 3337 316 3337 316 3408 414 3408
400 3894 399 3894 399 3807 342 3807
111 3911 204 3911 204 3394 224 3394
503 3953 979 3953 979 3473 997 3473
956 3907 956 3219 738 3219 738 3077
469 3313 482 3313 482 3639 957 3639
776 3106 957 3106 957 3574 975 3574
567 3400 591 3400 591 3809 657 3809
590 3543 589 3543 589 4068 239 4068
752 3220 771 3220 771 3665 855 3665
920 3303 948 3303 948 3724 960 3724
708 3883 708 3559 703 3559 703 3277
160 3097 160 3666 947 3666 947 3710
203 3326 204 3326 204 3272 279 3272
813 3611 113 3611 113 3207 48 3207
731 4002 87 4002 87 3310 85 3310
213 3577 510 3577 510 3500 936 3500
436 4018 70 4018 70 3188 68 3188
788 3254 509 3254 509 3570 499 3570
159 3515 159 3904 345 3904 345 3912
1240 918 1211 918 1211 496 1161 496
1847 350 1846 350 1846 879 1338 879
1553 189 1552 189 1552 50 1372 50
1091 440 1092 440 1092 313 1645 313
1491 518 1273 518 1273 622 1240 622
1429 332 1646 332 1646 281 1964 281
1975 143 1974 143 1974 895 1842 895
1227 907 1241 907 1241 925 1301 925
1280 960 1280 527 1690 527 1690 519
1784 556 1782 556 1782 171 1288 171
1655 772 1777 772 1777 71 1993 71
1953 880 1212 880 1212 632 1069 632
1069 805 1070 805 1070 315 1909 315
1802 744 1803 744 1803 550 1988 550
1208 117 1208 118 1291 118 1291 186
1878 120 1845 120 1845 778
1910 78 1645 78 1645 281 1449 281
1584 597 1725 597 1725 95 1920 95
1913 936 1975 936 1975 588 2020 588
1546 737 1726 737 1726 524 1810 524
1969 698 1968 698 1968 833 1861 833
1193 972 1193 751 1132 751 1132 44
1237 746 1243 746 1243 498 1724 498
1573 93 1159 93 1159 520 1122 520
1776 602 1713 602 1713 720 1531 720
1251 976 1251 974 1875 974 1875 666
1244 465 1160 465 1160 176 1033 176
1349 349 1647 349 1647 325 1711 325
1995 327 1995 333 1161 333 1161 365
1167 241 1168 241 1168 35 1742 35
1655 715 1187 715 1187 802 1082 802
1375 906 1910 906 1910 252 1955 252
1316 75 1317 75 1317 380 1602 380
1326 919 1327 919 1327 118 1502 118
1798 395 1242 395 1242 571 1040 571
1319 791 1785 791 1785 527 2012 527
1818 903 1847 903 1847 575 1903 575
1967 136 1912 136 1912 996 1345 996
1467 721 1466 721 1466 770 1213 770
1334 588 1468 588 1468 824 1966 824
1261 231 1275 231 1275 860 1369 860
1909 420 1908 420 1908 165 1785 165
1574 754 1530 754 1530 648 1282 648
1522 104 1521 104 1521 522 1468 522
1949 197 1948 197 1948 241 1916 241
1189 752 1188 752 1188 856 1112 856
1561 751 1561 587 1434 587 1434 528
1464 528 1715 528 1715 755 1741 755
2006 556 1844 556 1844 833 1665 833
1238 582 1239 582 1239 890 1251 890
1582 1292 1581 1316 1548 1536
1976 1408 1995 1408 1995 1904 2029 1904
1063 1496 1529 1496 1529 1825 1895 1825
1789 1524 1784 1524 1784 1140 1043 1140
1941 1266 1940 1266 1940 1268 1187 1268
1368 1438 1764 1438 1764 1550 1839 1550
1733 1644 1731 1644 1731 1207 1240 1207
1194 1733 1194 1598 1722 1598 1722 1503
1069 1400 1062 1400 1062 1937 1050 1937
1528 1633 1528 1946 1283 1946 1283 1997
1814 1938 1504 1938 1504 1600 1481 1600
1312 1909 1311 1909 1311 1221 1221 1221
1326 1468 1325 1468 1325 1228 1216 1228
1440 1593 1650 1593 1650 1382 1651 1382
1439 1900 1439 1597 1710 1597 1710 1388
1952 1481 1820 1481 1820 1401 1462 1401
1036 1293 1037 1293 1037 1359 1060 1359
1350 1464 1337 1464 1337 1945
1226 1213 1356 1213 1356 1349 1469 1349
1844 1732 1726 1732 1726 1276 1201 1276
1530 1771 1531 1771 1531 1625 1803 1625
1839 1335 1839 1630 1706 1630 1706 2008
1032 1458 1061 1458 1061 1326 1083 1326
1283 1544 1283 1558 1169 1558 1169 1782
1797 1516 1796 1516 1796 1534 1668 1534
1126 1424 1301 1530 1543 1887
1300 1845 1224 1845 1224 1787 1137 1787
1646 1886 1646 1308 1199 1308 1199 1265
1450 1046 1332 1046 1332 1133 1135 1133
1903 1329 1902 1329 1902 1470 1877 1470
1347 1942 1348 1942 1348 2042 1424 2042
1928 1964 1928 1681 1844 1681 1844 1393
1318 1215 1392 1215 1392 1529 1430 1529
1546 1298 1546 1226 1754 1226 1754 1133
1604 1959 1547 1959 1547 1461 1045 1461
1062 1301 1063 1301 1063 1224 2003 1224
1951 1339 1950 1339 1950 1180 1048 1180
1266 1042 1326 1042 1326 1305 1347 1305
1443 1732 1443 1599 1763 1599 1763 1485
1679 1227 1896 1227 1896 1921 1902 1921
1771 1040 1406 1040 1406 1220 1087 1220
1890 1337 1891 1337 1891 1319 1900 1319
1904 1465 1904 1387 1076 1387 1076 1279
2011 1424 2010 1424 2010 1380 1842 1380
1574 1782 1575 1782 1575 1624 1639 1624
1573 1567 1581 1567 1581 1289 1588 1289
1082 1519 1082 1206 1459 1206 1459 1118
1510 1513 1512 1513 1512 1966 1524 1966
1331 1686 1331 1397 1522 1397 1522 1102
1474 1607 1475 1607 1475 2043 1923 2043
1570 1035 1555 1035 1555 1825
1306 3069 1249 3069 1249 2638
1716 2154 1710 2716 1560 2836
1187 3019 1190 3019 1190 2068 2032 2068
1425 2275 1426 2275 1426 2262 1615 2262
1391 2060 1279 2060 1279 2902 1250 2902
1939 2575 1939 2525 1168 2525 1168 2388
1187 2630 1187 2083 2027 2083 2027 2073
1038 2356 1039 2356 1039 2621 1040 2621
1983 2654 1959 2654 1959 2725 1372 2725
1579 2593 1579 2705 1867 2705 1867 2895
1796 2730 1780 2730 1780 2855 1175 2855
1324 2465 1392 2465 1392 2400 1462 2400
1515 2085 1773 2085 1773 2913 1787 2913
1280 2129 1280 2108 1950 2108 1950 2099
1101 2635 1100 2635 1100 2825 1057 2825
1596 2444 1623 2444 1623 2226 1671 2226
1974 2940 1973 2940 1973 2738 1924 2738
1914 2086 1914 2106 1620 2106 1620 2204
1808 2197 1807 2197 1807 2686 1777 2686
1996 2354 1994 2354 1994 2074 1851 2074
1959 2385 1958 2385 1958 2899 1564 2899
1945 2235 1936 2235 1936 2174 1056 2174
1503 2736 1503 2715 1858 2715 1858 2512
1455 2178 1878 2178 1878 2355 2024 2355
1417 2429 1535 2429 1535 2377 1753 2377
1520 2171 1962 2171 1962 2472 2039 2472
1398 2086 1387 2086 1387 2310 1352 2310
1149 2744 1150 2744 1150 2759 1320 2759
1198 2117 1991 2117 1991 2657 2018 2657
1202 2799 1203 2799 1203 2829 1545 2829
1763 2658 1707 2658 1707 2550 1076 2550
1429 2713 1669 2713 1669 2695 1879 2695
1651 2439 1708 2439 1708 2640 1763 2640
1540 2163 1567 2163 1567 2810 1600 2810
1436 2526 1371 2526 1371 2959 1245 2959
2036 2851 1873 2851 1873 2203 1498 2203
1152 2791 1144 2791 1144 2694 1065 2694
1928 2382 1887 2382 1887 3059 1270 3059
1505 2222 1506 2222 1506 2473 1520 2473
1850 2402 1850 2714 1062 2714 1062 2771
1771 2311 1771 2838 1442 2838 1442 3050
1798 3062 1797 3062 1797 2825 1781 2825
1057 2400 1071 2400 1071 2085 1189 2085
1939 2658 1804 2658 1804 2110 1726 2110
1684 2680 1685 2680 1685 2375 1689 2375
1145 2702 1536 2702 1536 2288 1553 2288
1219 2798 1061 2798 1061 2665 1058 2665
1639 2234 1185 2234 1185 2455 1174 2455
1837 2244 1836 2244 1836 2570 1817 2570
1768 2786 1768 2837 1439 2837 1439 2974
1942 2575 1942 2172 1870 2172 1870 2124
1721 2063 1722 2063 1722 2070 1821 2070
1736 3520 1735 3520 1735 3429 1662 3429
1189 3118 1306 3118 1306 3470 1545 3470
1089 3436 1090 3436 1090 3901 1168 3901
1380 3752 1578 3752 1578 3284 1880 3284
1890 3236 1889 3236 1889 3172 1679 3172
2024 3862 2015 3862 2015 3696 1966 3696
1343 3678 1394 3678 1394 3121 1901 3121
1874 4055 1827 4055 1827 3350 1461 3350
1558 3553 1557 3553 1557 3687 1503 3687
1475 3126 1999 3126 1999 3254 2047 3254
1182 3104 1918 3104 1918 3468
1728 3765 1728 3727 1052 3727 1052 3333
1917 3285 1916 3285 1916 3762 1860 3762
1801 3352 1800 3352 1800 3916 1586 3916
1763 3762 1675 3391 1560 3255
1473 3266 1559 3266 1559 3716 1726 3716
1736 3500 1675 3500 1675 3988 1151 3988
1941 4081 1207 4081 1207 3743 1151 3743
1743 3156 1744 3156 1744 3244 1790 3244
1582 3219 1557 3219 1557 3552 1444 3552
1549 3213 1426 3213 1426 3715 1181 3715
1749 3079 1749 3119 1393 3119 1393 3156
1670 3776 1670 3726 1321 3726 1321 3503
2038 4030 2038 3725 1329 3725 1329 3357
1102 3551 1133 3551 1133 3109 1377 3109
1265 4066 1265 4031 1459 4031 1459 3320
1845 3871 1844 3871 1844 3309 1619 3309
1427 3165 1865 3165 1865 3482 1961 3482
1754 3392 1626 3392 1626 3656 1268 3656
1279 3348 1828 3348 1828 3577 1948 3577
1613 4017 1801 4017 1801 3862 1820 3862
1642 3154 1891 3154 1891 3446 1908 3446
1691 3886 1956 3886 1956 3488 2004 3488
1956 3395 1955 3395 1955 3838 1249 3838
1287 4032 1869 4032 1869 3839 1894 3839
1461 3546 1506 3546 1506 3433 1518 3433
1239 3272 1240 3272 1240 3797 1338 3797
2008 3644 1651 3644 1651 3469 1520 3469
1255 3855 1259 3855 1259 3728 1425 3728
1392 4083 1917 4083 1917 3574 1918 3574
1999 3563 1998 3563 1998 3140 1079 3140
1476 3403 1475 3403 1475 3448 1290 3448
1698 3594 1699 3594 1699 3530 1827 3530
1773 3938 2025 3938 2025 3590 2035 3590
1073 3765 1627 3765 1627 3649 1667 3649
1264 3791 1764 3791 1764 3297 1794 3297
1984 3270 1577 3270 1577 3681 1230 3681
2496 891 2496 697 2515 697 2515 324
2482 823 2479 823 2479 1019 2410 1019
3016 787 3015 787 3015 770 2927 770
3063 416 3062 416 3062 457 3019 457
2827 625 2777 530 2517 274
2534 96 2516 96 2516 698 2507 698
2793 984 2411 984 2411 816 2291 816
2346 175 2347 175 2347 124 2817 124
2949 108 2949 135 2702 135 2702 789
2889 687 2888 687 2888 901 2691 901
2538 855 2621 855 2621 630 2719 630
2126 322 2127 322 2127 514 2242 514
2429 6 2263 6 2263 758 2182 758
2547 630 2610 630 2610 143 2669 143
3003 914 2961 914 2961 363 2760 363
2641 908 2495 908 2495 566 2459 566
2994 881 2993 881 2993 34 2441 34
2412 921 2435 921 2435 134 2811 134
2790 238 3064 238 3064 934 3065 934
2149 594 2190 594 2190 45 2453 45
2241 334 2240 334 2240 309 2116 309
2882 140 2888 140 2888 488 2922 488
2674 796 2506 796 2506 348 2212 348
2397 724 2295 724 2295 233 2128 233
2667 310 2675 310 2675 1000 2875 1000
2270 869 2760 869 2760 508 2873 508
2962 831 2962 882 3032 882 3032 969
2973 200 2759 200 2759 736 2734 736
2652 745 2652 909 2622 909 2622 961
2068 278 2069 278 2069 117 2182 117
3021 322 2398 322 2398 629 2069 629
2135 41 2927 41 2927 700 3026 700
3042 397 2957 397 2957 57 2522 57
2807 195 2807 88 2264 88 2264 14
2147 902 2148 902 2148 920 2158 920
2080 271 2092 271 2092 549 2200 549
2434 388 2434 232 2154 232 2154 174
3031 329 3018 329 3018 523 2454 523
2977 33 2976 33 2976 956 2635 956
2785 541 2828 541 2828 843 2947 843
2463 619 2462 619 2462 816 2440 816
2431 375 2430 375 2430 812 2249 812
2567 747 2620 747 2620 199 2905 199
2132 592 2133 592 2133 229 2172 229
2609 394 2608 394 2608 5 2530 5
2588 442 2588 231 2207 231 2207 116
2977 108 2346 108 2346 128 2323 128
2244 777 2243 777 2243 952 2239 952
2309 413 2310 413 2310 608 2396 608
2678 719 2679 719 2679 911 2904 911
2054 227 2099 227 2099 954 2960 954
2296 630 2399 630 2399 570 2884 570
2723 1656 2756 1656 2756 1910 3001 1910
3069 1785 3069 1627 2752 1627 2752 1449
2491 1203 2125 1203 2125 1475 2052 1475
2616 1135 2622 1135 2622 2039 2868 2039
2931 1062 2931 1112 2753 1112 2753 1455
2633 1129 2718 1129 2718 1849 2861 1849
3047 1276 3046 1276 3046 1259 2351 1259
2816 1160 2758 1160 2758 1586 2756 1586
2502 1762 2500 1762 2500 2017 2185 2017
3021 1101 3021 1111 2751 1111 2751 1383
3066 1700 3066 1645 2654 1645 2654 1492
2690 1342 2686 1342 2686 1454 2497 1454
2805 1685 2806 1685 2806 1837 2878 1837
2745 1501 2745 1629 2822 1629 2822 1633
2796 1784 2796 1679 2159 1679 2159 1486
2224 1423 2225 1423 2225 1659 2290 1659
2877 1491 2877 1436 3044 1436 3044 1335
2135 1222 2134 1222 2134 1871 2130 1871
2163 1159 2331 1159 2331 1844 3011 1844
3001 1299 3001 1432 2731 1432 2731 1637
2749 1946 2717 1946 2717 1367 2687 1367
2509 1213 2509 1646 3063 1646 3063 1900
2618 1553 2490 1553 2490 1387 2225 1387
2491 1168 2495 1168 2495 1694 2621 1694
2637 1534 2496 1534 2496 1130 2432 1130
2566 1080 2479 1080 2479 1618 2403 1618
3043 1360 2688 1360 2688 1785 2604 1785
2565 1558 2638 1558 2638 1268 2907 1268
2817 1380 2697 1380 2697 1916 2123 1916
2131 1756 2131 1426 2053 1426 2053 1275
2984 1259 2984 1396 2766 1396 2766 1537
2375 1570 2376 1570 2376 1247 2768 1247
2439 1954 2439 1665 2534 1665 2534 1597
3049 1472 3049 1185 2738 1185 2738 1157
2440 1710 2800 1666 3036 1527
2992 1634 2991 1634 2991 1972 2957 1972
2594 1918 2630 1918 2630 2032 2847 2032
3041 1249 2631 1249 2631 1289 2569 1289
2186 1156 2347 1156 2347 1273 2435 1273
2561 1069 2175 1069 2175 1139 2093 1139
2215 2038 2879 2038 2879 1726 2980 1726
2484 1053 2567 1053 2567 1349 3071 1349
2341 1940 2341 1250 3056 1250 3056 1249
2797 1110 2092 1110 2092 1973 2089 1973
2642 1864 2643 1864 2643 1357 2992 1357
2571 1863 2571 1733 2346 1733 2346 1202
3004 1521 2996 1521 2996 1117 2176 1117
2312 1217 2311 1217 2311 1907 2309 1907
2322 1731 2302 1731 2302 1596 2296 1596
2574 1900 2574 1675 3033 1675 3033 1540
2579 1892 2817 1892 2817 1904 2910 1904
3062 2936 3062 2924 3052 2924 3052 2301
2844 2354 2759 2354 2759 2701 2710 2701
2232 2389 2300 2389 2300 2566 2566 2566
2363 2974 2466 2974 2466 2926 3060 2926
2656 2932 2280 2932 2280 2701 2245 2701
2463 3009 2485 3009 2485 2495 2640 2495
3056 2181 3056 2581 2054 2581 2054 2584
2676 2412 2675 2412 2675 2453 2447 2453
2872 2725 2869 2725 2869 2733 2579 2733
2133 2108 2134 2108 2134 2083 2522 2083
2750 2896 2709 2896 2709 2521 2570 2521
2154 2646 2155 2646 2155 2207 2980 2207
2805 2177 2805 2188 2122 2188 2122 2842
2776 2889 2303 2889 2303 2154 2218 2154
2805 2111 2380 2111 2380 2734 2343 2734
2866 2145 2731 2145 2731 2730 2707 2730
3066 2263 2859 2263 2859 2321 2424 2321
2953 2980 2771 2980 2771 2680 2600 2680
2216 2634 2221 2634 2221 3070 2363 3070
2851 2850 2851 2662 3013 2662 3013 2557
2588 2866 2587 2866 2587 2872 2281 2872
2724 2345 2695 2345 2695 2553 2522 2553
2948 2874 2947 2860 2915 2857
2980 2580 2299 2580 2299 2533 2049 2533
2774 2805 2774 2679 2402 2679 2402 2451
2466 2091 2467 2091 2467 2609 2650 2609
2290 2413 2201 2413 2201 2653 2152 2653
2581 2136 2381 2136 2381 2568 2310 2568
2519 2136 2519 2137 2428 2137 2428 2498
2206 2251 2850 2252 2855 2307
2658 2998 2277 2998 2277 2609 2275 2609
2231 2957 2265 2957 2265 2563 2275 2563
2179 2894 2179 2110 3013 2110 3013 2072
2678 2529 2677 2529 2677 2172 2537 2172
3023 2763 2850 2763 2850 2894 2286 2894
2442 2892 2715 2892 2715 2764 2810 2764
2346 2877 2347 2877 2347 2762 2730 2762
2738 2122 2730 2761 2720 2764
2901 2260 2901 3011 2398 3011 2398 3035
2883 2638 2244 2659 2101 2812
2181 2516 2182 2516 2182 2510 2334 2510
2209 2251 2538 2219 3030 2173
2408 2928 2409 2928 2409 2941 2463 2941
2693 3010 2737 3010 2737 2200 2918 2200
2650 2908 2883 2908 2883 2765 2948 2765
3066 2920 2517 2920 2517 2765 2442 2765
2543 2760 2441 2760 2441 2911 2434 2911
3062 2816 3047 2816 3047 2562 2760 2562
2469 2253 2470 2253 2470 2560 2484 2560
2537 2088 2342 2088 2342 3034 2316 3034
2107 2143 2310 2143 2310 2217 2435 2217
3025 3938 2547 3938 2547 3709 2485 3709
2774 3680 2774 3216 2668 3216 2668 3099
2480 4010 2452 4010 2452 3145 2397 3145
2285 3400 2306 3400 2306 3520 2520 3520
2988 3555 2987 3555 2987 4031 2509 4031
2784 3932 2846 3932 2846 3712 2851 3712
2364 3241 2259 3241 2259 3385 2219 3385
2581 3460 2104 3460 2104 3344 2089 3344
3029 3726 3028 3726 3028 3946 2424 3946
2167 3643 2421 3643 2421 3233 2676 3233
2772 3359 2741 3359 2741 3812 2555 3812
2877 3415 2877 3664 2247 3664 2247 3737
2109 3839 2109 3813 2900 3813 2900 3560
2763 3396 2764 3396 2764 3378 2797 3378
2713 3574 2714 3574 2714 3596 2825 3596
2588 3236 2614 3236 2614 3915 2753 3915
2189 3683 2342 3683 2342 3698 2933 3698
2317 3816 2318 3816 2318 4093 2994 4093
2206 4011 2207 4011 2207 3212 2537 3212
2117 3238 2798 3238 2798 3527 2818 3527
2768 4069 2376 4069 2376 3652 2337 3652
2723 3081 2575 3081 2575 3228 2289 3228
2258 3768 2258 3668 2613 3668 2613 3628
2991 3181 2968 3181 2968 3131 2515 3131
2336 3594 2337 3594 2337 3390 2501 3390
2260 3331 2260 3815 2349 3815 2349 3846
2857 3157 2857 3234 2639 3234 2639 3557
2341 3073 2341 3114 2118 3114 2118 3701
2377 3759 2803 3759 2803 3573 2810 3573
2319 3814 2350 3814 2350 3945 2685 3945
2710 3905 2637 3905 2637 3105 2444 3105
2548 3926 2939 3926 2939 3705 3065 3705
2838 3552 2797 3552 2797 3267 2478 3267
2749 3435 2748 3435 2748 3709 2744 3709
2699 3875 2728 3875 2728 3286 2762 3286
2860 3864 2859 3864 2859 3980 2550 3980
2443 3989 2443 3811 2727 3811 2727 3290
2806 3882 2246 3882 2246 3439 2229 3439
2289 3669 2386 3669 2386 3956 2475 3956
3046 3082 3046 3182 2133 3182 2133 3560
2691 3087 2636 3087 2636 3658 2599 3658
2196 3078 2197 3078 2197 4000 2788 4000
2502 3685 2484 3685 2484 3739 2378 3739
2899 3745 2898 3745 2898 3738 2742 3738
2482 3096 2799 3096 2799 3290 2834 3290
2802 3723 2686 3723 2686 3618 2120 3618
2101 3422 2232 3422 2232 4084 2246 4084
2255 3448 2255 3230 2735 3230 2735 3217
2222 3754 2222 3229 3054 3229 3054 3211
2526 3518 2401 3518 2401 3160 2322 3160
2722 3753 2638 3753 2638 3492 2461 3492
2604 3450 2603 3450 2603 3416 2473 3416
3467 6 3593 6 3593 651 3671 651
3591 503 3238 503 3238 155 3073 155
3679 276 4057 276 4057 734 4077 734
3891 952 3845 952 3845 650 3380 650
3352 50 3590 50 3590 426 3660 426
3688 540 3688 535 3124 535 3124 272
4024 303 4023 303 4023 295 3315 295
3586 871 3475 871 3475 155 3408 155
3537 807 3536 807 3536 709 3334 709
3845 936 3714 936 3714 380 3601 380
3449 118 3896 118 3896 724 3912 724
3945 544 3761 544 3761 525
3321 23 3157 23 3157 47 3086 47
3242 615 3294 615 3294 578 3342 578
3695 97 3694 97 3694 20 3372 20
3824 448 3707 448 3707 964 3090 964
3508 920 3592 920 3592 313 3787 313
3978 567 3978 302 3409 302 3409 294
3237 939 3237 220 3563 220 3563 145
4079 937 3164 937 3164 490 3139 490
3171 758 3172 758 3172 217 3894 217
3739 38 3739 253 3388 253 3388 441
3169 601 3817 601 3817 200 3990 200
3805 501 3846 501 3846 785 4023 785
3709 555 3708 555 3708 1011 3266 1011
3749 418 3748 418 3748 404 3634 404
3271 352 3281 352 3281 606 3292 606
3506 461 3507 461 3507 277 4079 277
3147 377 3146 377 3146 164 3079 164
3077 319 3078 319 3078 536 3361 536
3296 38 3270 38 3270 490 3250 490
4085 448 4085 753 3744 753 3744 849
3626 944 3690 944 3690 283 3850 283
3142 386 3166 386 3166 525 3840 525
4016 958 4015 958 4015 43 3912 43
3250 222 3250 235 3569 235 3569 252
4071 207 3171 207 3171 710 3166 710
3875 318 3897 318 3897 6 3953 6
3922 167 3918 167 3918 468 3749 468
3384 154 3168 154 3168 627 3166 627
3791 871 3589 871 3589 307 3391 307
4037 26 4036 26 4036 750 3885 750
3646 586 3689 586 3689 321 3803 321
3770 679 4026 679 4026 437 4056 437
3444 179 3386 179 3386 635 3244 635
3239 477 3239 320 3915 320 3915 313
3794 766 3794 786 4049 786 4049 1000
3977 545 3976 545 3976 752 3715 752
3344 796 3165 796 3165 385 3148 385
3466 245 3236 245 3236 379 3178 379
4047 833 3996 833 3996 894 3961 894
3590 233 3831 233 3831 76 3949 76
3158 43 3159 43 3159 130 3663 130
3694 936 3694 447 3780 447 3780 240
3919 461 3946 461 3946 656 4025 656
3377 1862 3484 1862 3484 1825 4034 1825
3420 1972 3298 1972 3298 1432 3289 1432
3570 1875 3376 1875 3376 1786 3360 1786
3666 1154 3189 1154 3189 1466 3148 1466
3521 1209 3752 1209 3752 1884 3801 1884
3397 1938 3755 1938 3755 1123 3762 1123
3384 1138 3718 1138 3718 1465 3726 1465
3327 1097 3317 1097 3317 1921 3316 1921
3236 1118 3276 1118 3276 1784 3296 1784
3388 1917 3521 1917 3521 1960 3524 1960
3262 1358 3272 1358 3272 1911 3688 1911
3367 1886 3547 1886 3547 1792 4075 1792
3889 1041 3888 1041 3888 1070 3212 1070
3305 1867 3306 1867 3306 1892 4016 1892
3944 1770 3193 1770 3193 1883 3187 1883
3762 1371 3937 1371 3937 1061 3974 1061
3995 1274 3691 1274 3691 1386 3129 1386
4075 1327 4074 1327 4074 1471 3763 1471
3082 1345 3273 1345 3273 1670 3295 1670
3632 1241 3632 1243 3805 1243 3805 1956
3996 1637 3951 1637 3951 1690 3758 1690
3108 1601 3233 1601 3233 2005 3986 2005
4014 1905 4014 1806 3412 1806 3412 1783
3748 1670 3748 1634 3517 1634 3517 1217
3296 1831 3297 1831 3297 1587 3357 1587
3492 1717 3618 1717 3618 1484 3644 1484
3587 1460 3586 1460 3586 1682 3569 1682
3345 1887 3345 1885 3971 1885 3971 1093
3450 1030 3449 1030 3449 1668 3437 1668
3102 1167 3389 1167 3389 1761 3511 1761
3430 1803 3753 1803 3753 1240 3936 1240
3922 1969 3374 1969 3374 1292 3318 1292
3386 1228 3719 1228 3719 1242 3860 1242
3236 1151 3999 1151 3999 1450 4010 1450
3079 1338 3388 1338 3388 1549 3555 1549
3237 1132 3754 1132 3754 1558 3771 1558
4023 1481 4022 1481 4022 1194 3539 1194
3497 1792 3497 1779 3387 1779 3387 1371
3646 1533 3859 1495 4039 1210
3221 1905 3222 1905 3222 1188 3224 1188
3483 1843 3386 1843 3386 1297 3232 1297
3202 1060 3390 1060 3390 1474 3492 1474
3759 1119 3802 1119 3802 2030 3803 2030
3850 1729 3436 1729 3436 1668 3375 1668
3912 1954 3912 1603 3554 1603 3554 1548
3167 1283 3371 1283 3371 1876 3516 1876
3559 1252 3812 1252 3812 1358 3818 1358
3089 2701 3090 2701 3090 2824 3402 2824
3252 2904 3252 2820 3863 2820 3863 2516
4061 2670 3924 2670 3924 2645 3858 2645
3465 2822 3466 2822 3466 2901 3998 2901
3431 2384 3432 2384 3432 2238 3540 2238
3274 2231 3449 2231 3449 2103 3518 2103
3537 2312 3856 2312 3856 2134 4035 2134
3630 2345 3527 2345 3527 2915 3483 2915
3580 2240 3766 2240 3766 3020 3822 3020
3907 2264 3907 2593 3610 2593 3610 2728
3363 2502 3363 2284 3779 2284 3779 2144
3602 2399 3641 2399 3641 2292 3765 2292
3791 2475 3833 2475 3833 2348 3857 2348
3657 2899 4070 2899 4070 2093
3125 2916 3454 2916 3454 2354 3493 2354
3500 2454 3499 2454 3499 2679 3186 2679
3836 2507 3835 2507 3835 2536 3806 2536
3252 2544 3272 2544 3272 3061 3720 3061
3855 2206 3854 2206 3854 2130 3073 2130
3364 2822 3435 2822 3435 3046 3850 3046
3595 2308 3706 2308 3706 2479 3927 2479
3843 3020 3845 3020 3845 3017 3854 3017
3216 2771 3217 2771 3217 2872 3252 2872
3983 3006 3983 3005 3088 3005 3088 2962
4000 2574 3805 2574 3805 2529 3554 2529
3632 2281 3209 2281 3209 2867 3206 2867
4000 2912 3999 2912 3999 2908 3806 2908
3630 2765 3630 2624 3175 2624 3175 2139
4025 2513 4024 2513 4024 3028 3216 3028
3629 2208 3629 2239 3514 2239 3514 3008
3814 2868 3738 2868 3738 2849 3310 2849
3191 2479 3192 2479 3192 2612 3604 2612
3864 2881 3864 2506 3500 2506 3500 2285
3861 2786 3861 2600 3213 2600 3213 2395
3953 2868 3369 2505 3272 2443
3122 2722 3560 2722 3560 2564 3739 2564
3859 2933 3859 2913 4053 2913 4053 2804
3234 2529 3234 2283 3757 2283 3757 2166
3914 2106 3855 2106 3855 2265 3147 2265
4069 2523 4064 2523 4064 3039 3138 3039
3715 2056 3780 2056 3780 2461 3832 2461
3553 2428 3553 2480 4037 2480 4037 2992
3654 2844 3912 2844 3912 2327 3956 2327
3792 2834 3792 2563 3609 2563 3609 2528
3528 2511 3793 2511 3793 2581 3852 2581
3296 2239 3297 2239 3297 2235 3360 2235
3644 2624 3644 2900 3665 2900 3665 3006
3211 2708 3319 2708 3319 2783 3568 2783
3752 3586 3752 3766 3651 3766 3651 3834
3120 3393 3121 3393 3121 3779 3212 3779
3375 4014 3325 4014 3325 3570 3276 3570
3087 3928 3271 3928 3271 3401 3504 3401
3770 3880 3649 3880 3649 3773 3585 3773
3427 3293 3668 3293 3668 3832 3838 3832
3281 3078 3378 3078 3378 3325 4014 3325
3659 3781 3660 3781 3660 3795 4006 3795
3800 3227 3751 3227 3751 3765 3577 3765
3531 3751 3531 3514 3147 3514 3147 3473
3997 3924 3650 3924 3650 3532 3581 3532
3592 3488 3447 3488 3447 4061 3203 4061
3217 3345 3828 3345 3828 3448 3940 3448
3484 3978 3926 3978 3926 3097 3934 3097
3499 3414 3399 3414 3399 3512 3367 3512
3917 3949 3946 3949 3946 3860 3974 3860
3757 3830 3758 3830 3758 3496 3851 3496
3790 4010 3745 4010 3745 3182 3366 3182
3469 3286 3522 3286 3522 3196 3601 3196
3667 3524 3545 3524 3545 3865 3094 3865
3359 3306 3532 3306 3532 3959 3732 3959
3998 3617 3997 3617 3997 3466 3346 3466
3326 3515 3326 3954 3404 3954 3404 4039
3642 3398 3756 3398 3756 3302 3881 3302
3857 3828 3856 3828 3856 3584 3747 3584
3910 3740 3909 3740 3909 3076 3451 3076
3087 4002 3305 4002 3305 3104 3720 3104
3184 3816 3086 3816 3086 3967 3085 3967
3577 3849 3563 3849 3563 3714 3513 3714
3448 4061 3448 3977 3577 3977 3577 3873
3399 3626 3402 3626 3402 3490 3414 3490
3576 3866 3546 3866 3546 3331 3342 3331
3364 3717 3365 3717 3365 3402 3388 3402
4049 3308 4048 3308 4048 3106 3979 3106
3303 3232 3302 3232 3302 4001 3119 4001
3891 4051 3947 4051 3947 3351 3963 3351
3082 3310 3082 3326 3942 3326 3942 3411
3700 4049 3869 4049 3869 3582 3874 3582
3129 3142 3130 3142 3130 3164 3164 3164
3834 3189 3746 3189 3746 3736 3583 3736
3094 4014 3094 4013 3738 4013 3738 3954
3147 4079 3858 4079 3858 3684 3861 3684
3570 3610 3571 3610 3571 3662 3627 3662
3207 3777 3212 3777 3212 3073 3634 3073
3822 3476 3875 3476 3875 3936 4075 3936
3897 3906 3896 3906 3896 3128 3711 3128
3163 3269 3164 3269 3164 3495 3270 3495
4019 3293 3805 3293 3805 3862 3664 3862
3753 3326 3753 3327 3941 3327 3941 4040
3812 3473 3750 3473 3750 3748 3547 3748
3327 3953 3458 3953 3458 3496 3731 3496
510 1038 824 1038 824 1072 1466 1072
1905 1034 1263 1034 1263 1001 617 1001
906 992 906 996 442 996 442 1021
647 988 907 988 907 1007 1106 1007
1169 987 983 987 983 1071 910 1071
49 2047 1027 2047 1027 2046 1076 2046
1027 2013 1027 2015 79 2015 79 2093
1517 2064 1516 2064 1516 1999 1505 1999
940 2098 939 2098 939 2067 276 2067
161 2061 161 2048 1817 2048 1817 2013
984 3036 985 3036 985 3086 1117 3086
421 3040 422 3040 422 3051 703 3051
1183 3027 1183 3031 129 3031 129 3119
504 3053 504 3056 182 3056 182 3095
433 3101 434 3101 434 3081 779 3081
1783 1058 1782 1058 1782 1059 1186 1059
2707 1051 2706 1051 2706 1011 2480 1011
1111 996 1121 996 1121 1002 1418 1002
1983 1007 1983 1027 2883 1027 2883 1067
1337 1018 1338 1018 1338 975 1376 975
2627 2015 2626 2015 2626 2022 1262 2022
2120 2082 1474 2082 1474 2037 1235 2037
2878 2090 2196 2090 2196 2036 2005 2036
2120 2065 2121 2065 2121 2029 2329 2029
1236 2063 1237 2063 1237 2012 2332 2012
2885 3112 2886 3112 2886 3105 3031 3105
2148 3052 2149 3052 2149 3042 2325 3042
1979 3054 1979 3074 2278 3074 2278 3089
1701 3053 1269 3053 1269 3030 1045 3030
2251 3064 2147 3064 2147 3041 1406 3041
2358 998 2362 998 2362 1025 2480 1025
2923 1060 2924 1060 2924 1055 4061 1055
2464 1019 2464 997 2212 997 2212 995
3638 1031 3637 1031 3637 973 3615 973
2731 1069 2730 1069 2730 1058 2283 1058
2270 2056 2270 2043 3072 2043 3072 2038
2707 2079 3573 2079 3573 2041 3685 2041
3147 2072 3146 2072 3146 2082 2370 2082
2406 2051 3074 2051 3074 2040 3603 2040
2240 2035 2240 2063 3134 2063 3134 2095
2841 3042 2848 3042 2848 3064 3673 3064
3433 3037 2840 3037 2840 3051 2312 3051
4066 3033 3897 3033 3897 3051 3857 3051
2433 3062 3919 3062 3919 3030 3923 3030
3778 3025 3851 3025 3851 3050 3891 3050
1009 1834 1019 1834 1019 583 1024 583
1033 163 1046 163 1046 1582
1016 241 1016 441 1001 441 1001 656
976 930 1020 930 1020 2046 1023 2046
1055 504 1014 504 1014 870 988 870
1028 1374 1044 1583 1052 2007
982 2636 1028 2636 1028 1188 1047 1188
982 2274 1049 2274 1049 2474 1073 2474
980 2976 979 2976 979 1975 975 1975
1048 1185 1024 1185 1024 1324 995 1324
1049 2262 1050 2262 1050 2779 1051 2779
1033 3821 1034 3821 1034 3896 1060 3896
1066 3446 1067 3446 1067 2320 1070 2320
1025 3480 1024 3480 1024 4029 999 4029
991 2965 992 3405 1026 3657
2064 991 2064 1177 2066 1177 2066 1822
2066 285 2067 285 2067 819 2076 819
2010 966 2077 966 2077 773 2097 773
2090 488 2068 488 2068 754 2051 754
2077 1176 2077 989 2048 989 2048 716
2002 1258 2002 1834 2057 1834 2057 2128
2005 2376 2049 2376 2049 1323 2055 1323
2076 1616 2075 1616 2075 1580 2008 1580
2056 2596 2056 2540 2054 2540 2054 2296
2061 1115 2027 1115 2027 2732 2013 2732
2055 2541 2053 2541 2053 3737 2016 3737
2083 3814 2082 3814 2082 3047 2053 3047
2035 2482 2037 2482 2037 3147 2048 3147
2076 2518 2052 3448 2028 3506
2092 3864 2087 3864 2087 2654 2079 2654
3040 1437 3072 1437 3072 852 3094 852
3084 441 3085 441 3085 7 3107 7
3056 1204 3070 1204 3070 1909 3072 1909
3116 1001 3094 1001 3094 1265 3049 1265
3113 1703 3107 1703 3107 1510 3100 1510
3096 1039 3066 1039 3066 2477 3051 2477
3043 2044 3043 2131 3113 2131 3113 2441
3079 1967 3080 1967 3080 2112 3121 2112
3074 1617 3074 1874 3092 1874 3092 2998
3084 1786 3084 1180 3027 1180 3027 1145
3035 2770 3036 2770 3036 3056 3042 3056
3102 3803 3081 3803 3081 2372 3031 2372
3025 3634 3025 3309 3108 3309 3108 2162
3096 3200 3109 3200 3109 2496 3113 2496
3101 3022 3087 3022 3087 2287 3061 2287
2963 619 2429 619 2429 202 2307 202
1113 4034 1009 4034 1009 1178 953 1178
3659 3163 3659 3209 1334 3209 1334 3452
790 698 790 970 3967 970 3967 4032
2629 1945 2091 1945 2091 308 299 308
2361 1009 2361 1019 1077 1019 1077 2819
3911 45 3107 48 711 2769
2136 1707 2137 1707 2137 1220 3215 1220
3975 3842 3975 969 1096 969 1096 930
1596 3113 222 3113 222 3353 184 3353
3277 808 3277 977 199 977 199 2560
1578 3321 1859 3321 1859 492 1940 492
2886 1176 3847 1176 3847 2294 3850 2294
1038 3133 1038 13 3802 13 3802 6
2333 3147 2333 3148 1081 3148 1081 3242
110 3115 110 3035 3336 3035 3336 2073
194 3469 194 972 2401 972 2401 659
346 3656 346 3210 3925 3210 3925 2932
2929 2375 2929 3075 721 3075 721 3190
2261 1507 2097 1507 2097 3221 1613 3221
3370 139 3072 139 3072 569 2865 569
2591 2663 2109 2663 2109 3633 400 3633
3811 1331 3811 2124 516 2124 516 2877
1256 2929 1256 2925 3322 2925 3322 2533
2292 3887 2119 3887 2119 1956 2118 1956
249 1542 249 495 1376 495 1376 473
1388 2119 2022 2119 2022 191 3636 191
2714 2076 1282 2076 1282 1889 153 1889
1434 921 1434 967 2021 967 2021 3670
2817 1146 2817 1029 424 1029 424 1028
1199 3857 1042 3857 1042 801 1039 801
3276 3314 3276 3072 68 3072 68 2303
1150 3062 1150 3057 3918 3057 3918 2439
3220 681 3219 681 3219 761 2171 761
3196 159 3196 1026 1126 1026 1126 2418
228 2371 228 3735 1392 3735 1392 3763
2264 2853 2264 2732 2154 2732 2154 1190
67 1658 67 2562 378 2562 378 2639
1720 1275 1720 2075 1953 2075 1953 2440
3293 582 3211 582 3211 3688 2323 3688
425 2002 46 2002 46 916 20 916
1229 2681 1106 2681 1106 1920 816 1920
1069 2319 1069 1003 1982 1003 1982 502
3776 1353 3776 2126 2392 2126 2392 2628
757 2365 982 2365 982 2514 1426 2514
1419 1006 1953 1006 1953 1765 1964 1765
2874 1188 2703 2194 1990 2805
2638 3860 2891 3860 2891 551 2963 551
1355 3852 1860 3852 1860 2670
1271 1557 1048 1557 1048 3631 336 3631
1873 1871 1841 1871 1841 393 343 393
776 2179 776 3076 2890 3076 2890 3499
448 3751 158 3751 158 2000 152 2000
961 4007 961 4006 3998 4006 3998 1297
954 3295 800 3295 800 3131 262 3131
3816 1078 2026 1078 2026 1408 2023 1408
3347 551 3347 978 314 978 314 2215
1427 108 2105 108 2105 3417 3146 3417
2853 3807 1968 3807 1968 631 1948 631
3556 1216 3231 1216 3231 1447 3225 1447
3457 3910 3353 3910 3353 3347 3310 3347
2578 3759 2578 3231 3893 3231 3893 436
1240 1212 3776 1212 3776 3860 3945 3860
1264 1004 3865 1004 3865 4027 3868 4027
4058 221 1015 221 1015 440 1000 440
1017 3552 1002 3552 1002 3123 764 3123
3873 2914 3873 3208 3675 3208 3675 3423
2804 531 2804 1005 1363 1005 1363 3595
977 4047 785 4047 785 3362 175 3362
3792 1096 3791 1096 3791 3049 3332 3049
613 2541 1021 2541 1021 976 1336 976
2500 1346 2501 1346 2501 1251 3846 1251
2667 987 3940 987 3940 3028
3037 1545 3037 1984 1161 1984 1161 3716
878 3081 878 2829 459 2829 459 2500
1900 3768 1031 3768 1031 5 523 5
1055 1935 1055 522 451 522 451 482
2182 1167 2182 2077 1282 2077 1282 2707
1440 2291 1440 2706 3122 2706 3122 2811
1191 1863 1191 1037 3387 1037 3387 379
3444 231 3444 234 3977 234 3977 997
1566 1635 1566 2007 3318 2007 3318 2776
1343 1625 1053 1625 1053 3403 655 3403
2273 3113 2273 3077 1054 3077 1054 1219
1505 1923 1505 1052 3840 1052 3840 791
26 3829 25 3829 25 1694 23 1694
3341 1393 3335 1393 3335 3029 1055 3029
1274 520 1160 520 1160 3423 549 3423
1718 3565 2839 3565 2839 3408 3664 3408
1714 659 1714 771 1216 771 1216 3372
1892 1052 1892 1054 3036 1054 3036 1411
2625 3149 1006 3149 1006 1794 435 1794
744 613 744 986 3078 986 3078 1873
2034 3133 2034 3127 3784 3127 3784 303
2383 1453 2383 2078 1338 2078 1338 2573
1942 177 2100 177 2100 800 2812 800
1998 2459 2080 2417 2197 2269
3505 2601 3050 2601 3050 2425 2316 2425
1020 3457 1025 3457 1025 29 2094 29
2819 1639 2737 1639 2737 1074 426 1074
1610 1244 1610 2006 3498 2006 3498 2935
2750 1778 2750 1786 640 1786 640 1790
3817 3425 3775 3425 3775 1496 3705 1496
2990 2351 2990 2081 1613 2081 1613 1756
1294 2871 2525 2871 2525 2715 3670 2715
2833 569 2833 759 3400 759 3400 902
2466 3373 2497 3373 2497 2271 2609 2271
526 3996 2095 3996 2095 391 2618 391
887 1265 830 1265 830 1418 130 1418
1982 3480 1982 2123 2848 2123 2848 1604
2113 2657 2100 2657 2100 3734 532 3734
158 374 1045 374 1045 3208 1438 3208
3952 1681 3952 3235 2669 3235 2669 3750
1386 1028 2062 1028 2062 2199 2282 2199
139 1201 3275 1201 3275 2688 3316 2688
3070 596 3070 965 3790 965 3790 2321
510 3436 510 3207 3730 3207 3730 2067
3519 3702 3228 3702 3228 89 937 89
1612 365 1386 441 873 2696
3270 1453 3270 1677 1549 1677 1549 1770
3725 3175 1008 3175 1008 1280 378 1280
424 1255 424 983 3791 983 3791 766
3504 186 188 186 188 3127 181 3127
737 3883 982 3883 982 230 1009 230
664 2960 1880 2960 1880 2418 2299 2418
2969 3172 2969 3103 174 3103 174 2831
1451 1398 1567 1398 1567 1833 3188 1833
984 1202 984 990 3948 990 3948 382
943 2211 1026 2211 1026 1170 1201 1170
2065 3858 27 3858 27 1684 26 1684
3093 786 3093 1006 2632 1006 2632 1415
651 1154 2349 1154 2349 1719 2636 1719
3521 759 3521 1038 2121 1038 2121 3525
2189 552 2090 552 2090 1980 2063 1980
2641 4088 3304 4088 3304 3102 3614 3102
2362 2980 2362 2949 4038 2949 4038 1570
2947 332 2948 332 2948 241 3497 241
3159 3437 3159 3047 3404 3047 3404 1908
2958 2446 2958 3078 1046 3078 1046 3313
1470 1778 1470 2009 3289 2009 3289 2052
2978 2290 925 2290 925 2336 767 2336
1390 1776 1390 2139 2502 2139 2502 2251
3026 1863 3026 3079 1392 3079 1392 3557
3061 3023 3048 3023 3048 582 3000 582
3968 1089 3979 1089 3979 239 3982 239
1454 255 2098 255 2098 3663 2517 3663
3077 2002 2099 2002 2099 3617 1700 3617
2989 2912 2048 2912 2048 1628 1938 1628
284 1332 1711 1332 1711 1996 3525 1996
3057 460 2096 460 2096 4007 1439 4007
820 654 2059 654 2059 3870 3596 3870
2632 1273 3274 1273 3274 2104 3367 2104
3911 2660 3911 972 2899 972 2899 264
3934 2943 1049 2943 1049 2513 728 2513
3154 3204 1004 3204 1004 1884 630 1884
3475 2277 3715 2277 3715 2052 3746 2052
3600 2645 3600 3097 787 3097 787 3494
2195 427 2619 427 2619 351 2942 351
1422 1541 1039 1541 1039 1602 534 1602
801 3189 1052 3189 1052 2092 2834 2092
832 2524 831 2524 831 2745 693 2745
1277 3694 1030 3694 1030 888 932 888
1889 1874 1868 1874 1868 4016 1208 4016
1104 997 1107 997 1107 2549 1184 2549
1193 3783 1045 3783 1045 2253 28 2253
1652 3526 1652 3402 1152 3402 1152 2621
349 4038 507 101 640 91
1125 1285 1125 2064 1256 2064 1256 2293
1665 360 1665 1967 1494 1967 1494 2811
1771 838 1771 973 270 973 270 1606
1534 2409 1110 2409 1110 630 562 630
1463 3536 1391 3536 1391 3064 1371 3064
190 523 1032 523 1032 3127 1700 3127
1010 1863 1022 1863 1022 1451 1167 1451
940 2682 977 2682 977 2103 1020 2103
1779 3887 978 3887 978 2387 393 2387
963 3147 1033 3147 1033 280 1620 280
1570 3704 1570 3269 1589 3269 1589 2626
362 3454 507 3454 507 3228 770 3228
735 837 1010 837 1010 180 1417 180
1258 3820 974 3820 974 2819 677 2819
966 1729 965 1729 965 1696 317 1696
537 3670 531 3670 531 3981 88 3981
1654 1241 1043 1241 1043 3662 889 3662
268 3027 1003 3027 1003 2691 1039 2691
941 460 941 466 1884 466 1884 591
1781 2947 1234 2947 1234 1928 1204 1928
235 3304 306 3304 306 3419 1248 3419
1481 3750 1001 3750 1001 2091 144 2091
1501 2461 1109 2461 1109 1523 726 1523
1959 3074 1665 3074 1665 2556 1431 2556
1132 3479 1072 3479 1072 3888 233 3888
1016 795 1029 795 1029 3949 1111 3949
1496 1092 1655 1092 1655 1326 1706 1326
1355 1346 808 1346 808 1195 254 1195
1647 1210 1035 1210 1035 2122 521 2122
235 635 1051 635 1051 2777 1756 2777
335 2165 976 2165 976 3954 1742 3954
621 1686 660 1686 660 3560 707 3560
1001 3755 1001 3752 15 3752 15 1912
579 799 1111 799 1111 2109 1440 2109
1476 1457 1350 1594 1241 3572
1036 2315 981 3430 961 3430
1195 1801 1037 1801 1037 2437 380 2437
1436 3037 1041 3037 1041 1930 285 1930
1096 2300 1097 2300 1097 2045 1461 2045
1057 262 1034 262 1034 3615 996 3615
204 2666 205 2666 205 314 556 314
1270 3711 975 3711 975 2564 522 2564
782 4044 2039 4044 2039 3343 2046 3343
1421 4003 981 4003 981 1260 761 1260
884 1219 1015 1219 1015 587 1237 587
867 1988 1075 1988 1075 2693 1365 2693
866 2941 281 2941 281 2583 152 2583
1287 1201 1287 1084 1217 1084 1217 108
1807 1856 1047 1856 1047 2735 582 2735
1240 1085 1120 1085 1120 349 1083 349
788 1017 1016 1017 1016 1532 1445 1532
855 1340 1007 1340 1007 2213 1068 2213
1533 4081 1544 4080 1558 1603
1668 2704 1668 2212 83 2212 83 717
1531 1309 1114 1309 1114 26 541 26
1511 1945 1046 1945 1046 2681 546 2681
1618 3118 1433 3108 1090 1189
660 38 323 38 323 3885
968 2259 881 2259 881 2141 327 2141
449 1446 1548 1446 1548 1583 1552 1583
1706 1626 1678 1626 1678 4086 1518 4086
704 2984 794 2984 794 2530 873 2530
834 3247 1055 3247 1055 2302 1490 2302
142 2531 100 2531 100 3397
1115 92 1115 3856 1307 3856 1307 3959
1566 2277 1108 2277 1108 1891 1064 1891
496 102 1112 102 1112 2148 1796 2148
273 1387 273 1607 119 1607 119 1933
182 2359 183 2359 183 3875 641 3875
616 3397 1040 3397 1040 1550 1534 1550
882 2177 1568 2177 1568 2488 1788 2488
1073 2115 1074 2115 1074 3660 1344 3660
60 3123 61 3123 61 106 929 106
228 1500 229 1500 229 1540 305 1540
414 730 414 1033 868 1033 868 1767
1781 2105 1780 2105 1780 561 1739 561
511 91 511 92 1465 92 1465 3711
283 470 283 994 303 994 303 1077
226 2941 226 3053 494 3053 494 3392
786 2978 786 3071 502 3071 502 3764
52 2251 52 4048 991 4048 991 4051
587 3442 587 2892 310 2892 310 1997
1003 1187 47 1187 47 3857 33 3857
353 2031 352 2031 352 1006 346 1006
382 636 403 636 403 3354 447 3354
14 3339 16 3339 16 2354 284 2354
665 1015 495 1015 495 3889 412 3889
415 0 415 130 813 130 813 1971
237 858 238 858 238 3833 592 3833
486 71 486 103 930 103 930 4027
412 3861 206 3861 206 2935 197 2935
139 116 155 116 155 1808 575 1808
641 4058 641 3542 548 3542 548 3217
774 3775 774 3096 962 3096 962 2735
223 2845 324 3052 580 3386
922 2800 921 2800 921 119 641 119
601 862 601 1232 728 1232 728 3069
848 893 847 893 847 4041 299 4041
623 810 623 971 14 971 14 1430
787 3869 787 3832 248 3832 248 2509
79 2678 80 2678 80 1371 480 1371
79 1166 170 1166 170 2858 832 2858
922 2486 922 3070 338 3070 338 3388
493 2491 492 2491 492 328 491 328
519 2157 519 1853 363 1853 363 1398
826 2461 825 2461 825 4084 216 4084
929 1436 929 2113 405 2113 405 2179
303 3903 508 3903 508 3179 514 3179
406 2061 239 2061 239 3474 238 3474
73 3112 74 3112 74 292 969 292
416 3680 416 3974 307 3974 307 4066
784 3194 755 3194 755 1114 641 1114
724 157 724 552 300 552 300 1991
1014 1571 1014 1031 584 1031 584 705
928 691 928 997 461 997 461 1692
814 2678 814 1996 101 1996 101 176
350 232 349 232 349 256 152 256
486 630 342 630 342 1373 316 1373
101 1378 238 1378 238 2397 432 2397
281 3763 344 3763 344 2893 372 2893
72 260 102 260 102 1742 290 1742
278 2023 296 2023 296 2774 408 2774
181 1794 158 1794 158 613 89 613
77 2131 78 2131 78 4035 93 4035
132 3305 133 3305 133 2744 136 2744
248 453 45 453 45 3966 42 3966
122 182 122 421 172 421 172 846
104 3719 104 1680 489 1680 489 1593
253 3753 112 3753 112 3253 20 3253
112 2516 113 2516 113 426 372 426
89 662 180 662 180 2540 418 2540
129 2837 131 2837 131 2944 374 2944
498 1987 451 1987 451 4055 408 4055
413 2011 391 2011 391 772 343 772
189 3075 202 3075 202 3995 432 3995
273 3973 273 3767 381 3767 381 3757
399 2549 399 2561 102 2561 102 2808
140 2702 141 2702 141 3962 162 3962
432 3502 431 3502 431 3073 233 3073
313 3416 313 2981 482 2981 482 2980
256 2140 247 2140 247 2940 238 2940
237 3605 249 3605 249 2629 358 2629
474 3231 468 3231 468 3535 147 3535
181 3111 181 3124 31 3124 31 3771
246 3792 103 3792 103 3336 72 3336
201 3590 200 3590 200 3878 10 3878
422 3616 240 3616 240 3373 177 3373
350 3425 338 3425 338 3510 115 3510
125 3255 126 3255 126 3512 157 3512
260 3186 260 3473 313 3473 313 3532
122 3192 127 3192 127 3357 226 3357
119 3179 119 3180 395 3180 395 3356
223 3170 400 3170 400 3374 421 3374
336 3214 483 3214 483 3363 506 3363
445 3168 445 3181 319 3181 319 3273
332 3350 331 3350 331 3357 294 3357
312 3152 314 3152 314 3561 426 3561
503 3548 499 3548 499 3164 490 3164
358 3179 326 3179 326 3147 292 3147
294 3170 294 3151 346 3151 346 3104
345 3538 343 3538 343 3451 339 3451
312 3532 297 3532 297 3564 287 3564
289 3287 320 3287 320 3215 376 3215
309 3335 309 3300 264 3300 264 3228
305 3506 305 3518 273 3518 273 3583
288 3301 263 3301 263 3290 261 3290
292 3346 294 3346 294 3395 297 3395
280 3288 279 3271 272 3211
263 3399 264 3399 264 3472 267 3472
292 3517 303 3517 303 3398 305 3398
307 3412 307 3397 305 3397 305 3329
300 3429 300 3428 266 3428 266 3375
298 3342 280 3342 280 3446 278 3446
311 3441 304 3441 304 3347 281 3347
318 3385 317 3385 317 3336 308 3336
285 3367 285 3397 294 3397 294 3439
295 3348 262 3348 262 3450 256 3450
302 3424 301 3424 301 3370 276 3370
267 3453 268 3453 268 3432 277 3432
288 3396 295 3396 295 3425 308 3425
282 3452 283 3452 283 3398 293 3398
282 3436 284 3436 284 3449 304 3449
282 3401 265 3401 265 3429
1869 1332 1869 1374 2012 1374 2012 1634
1920 1518 2076 1518 2076 1586 2130 1586
1732 1229 2013 1229 2013 1454 2089 1454
1827 1629 1828 1629 1828 1590 1945 1590
1822 1460 1821 1460 1821 1249 1785 1249
2221 1251 1833 1251 1833 1381 1727 1381
1755 1613 1754 1613 1754 1466 1713 1466
1928 1429 1928 1386 1834 1386 1834 1317
1874 1373 1877 1373 1877 1140 1973 1140
2118 1930 2118 1870 2130 1870 2130 1784
1871 1806 1897 1806 1897 1876 2209 1876
1923 1711 1962 1711 1962 1818 2116 1818
1922 1674 2035 1674 2035 2154 2193 2154
2108 2032 1924 2032 1924 1790 1749 1790
1864 1860 1864 2037 2034 2037 2034 2150
2170 1776 1970 1776 1970 1674
1727 1682 1965 1682 1965 1817 2125 1817
1985 2134 1984 2134 1984 2125 1783 2125
1855 2186 1770 2186 1770 2372 1736 2372
1747 2428 1772 2428 1772 2225 2082 2225
1733 2254 1732 2254 1732 2510 1722 2510
1848 2442 1849 2442 1849 2381 1990 2381
2013 2434 2116 2434 2116 2477 2126 2477
2217 2599 1941 2599 1941 2472 1777 2472
1965 2171 1992 2171 1992 2442 2115 2442
1889 2414 1967 2384 2194 2224
1961 2269 1847 2269 1847 2475 1783 2475
2178 3003 2135 3003 2135 2805
2217 2750 2216 2750 2216 2860 2163 2860
1803 2839 1804 2839 1804 2883 1982 2883
1947 2910 1946 2910 1946 3110 1938 3110
1826 2755 1827 2755 1827 2764 1958 2764
2094 2862 2093 2862 2093 3027 1901 3027
1869 2828 1869 2852 2034 2852 2034 2960
1722 2822 1722 2729 1927 2729 1927 2695
1869 2806 1870 2806 1870 3009 2083 3009
2323 1645 2322 1645 2322 1291 2268 1291
2563 1438 2564 1438 2564 1435 2732 1435
2502 1475 2502 1386 2333 1386 2333 1290
2604 1537 2619 1537 2619 1630 2666 1630
2229 1575 2230 1575 2230 1592 2603 1592
2462 1362 2461 1362 2461 1286 2382 1286
2617 1624 2617 1591 2438 1591 2438 1458
2581 1383 2580 1383 2580 1354 2480 1354
2499 1470 2500 1470 2500 1475 2674 1475
2721 2106 2573 2106 2573 1670 2509 1670
2523 1931 2572 1931 2572 1670 2615 1670
2279 1915 2333 1915 2333 2148 2358 2148
2575 2012 2574 2012 2574 2107 2497 2107
2234 1964 2233 1964 2233 1972 2229 1972
2689 1720 2701 1720 2701 1961 2717 1961
2699 1886 2698 1886 2698 2157 2625 2157
2242 1815 2431 1908 2700 1960
2334 1734 2503 1734 2503 1784 2535 1784
2358 2541 2629 2541 2629 2474 2657 2474
2572 2355 2573 2355 2573 2314 2659 2314
2443 2220 2442 2220 2442 2255 2304 2255
2453 2291 2423 2291 2423 2321 2420 2321
2697 2446 2696 2446 2696 2658 2524 2658
2276 2506 2309 2506 2309 2207
2570 2505 2651 2505 2651 2640 2713 2640
2643 2604 2569 2604 2569 2323 2554 2323
2629 2239 2678 2239 2678 2519 2683 2519
2270 2867 2271 2867 2271 3000 2672 3000
2412 2847 2411 2847 2411 2906 2379 2906
2435 2948 2269 2948 2269 2715 2228 2715
2401 3134 2453 3134 2453 3174 2698 3174
2668 2876 2668 3043 2227 3043 2227 3165
2417 3155 2417 3094 2496 3094 2496 2809
2454 3154 2498 3154 2498 2939 2588 2939
2468 3061 2400 3061 2400 3144 2226 3144
2515 2961 2514 2961 2514 3050 2314 3050
2933 1544 2934 1544 2934 1530 2958 1530
2895 1139 2896 1139 2896 1364 2899 1364
2996 1594 3005 1594 3005 1458 3014 1458
3014 1181 3071 1181 3071 1266 3153 1266
3186 1192 3055 1192 3055 1235 2850 1235
2812 1422 2811 1422 2811 1258 2809 1258
2904 1554 2904 1602 3199 1602 3199 1618
3027 1344 3027 1473 3088 1473 3088 1501
3157 1311 3163 1311 3163 1245
2905 1807 3027 1807 3027 1910 3141 1910
3008 1732 3019 1732 3019 2073 3035 2073
3117 1707 2878 1707 2878 1736 2828 1736
2788 2025 3148 2025 3148 2123 3177 2123
3187 1985 3145 1985 3145 2080 2911 2080
3115 1925 3194 1925 3194 1776
3221 1982 3221 1962 3156 1962 3156 1835
3207 1776 3207 2003 2886 2003 2886 2038
3018 1789 3017 1789 3017 2137 2769 2137
2841 2438 2856 2438 2856 2252 3014 2252
2859 2524 2917 2524 2917 2659 2987 2659
2998 2367 2945 2367 2945 2282 2860 2282
3199 2615 3190 2615 3190 2191 3159 2191
3105 2170 2944 2170 2944 2265 2922 2265
3108 2499 3106 2499 3106 2364 2946 2364
2916 2557 2856 2557 2856 2606 2774 2606
2947 2308 3197 2308 3197 2628 3244 2628
3030 2366 3029 2366 3029 2502 3003 2502
2747 3092 2747 3043 3075 3043 3075 2708
2870 2733 2960 2733 2960 2984 3118 2984
2829 2749 2829 2877 2781 2877 2781 2992
3027 3095 3028 3095 3028 3087 3140 3087
2847 3060 2839 3060 2839 3022 2761 3022
3187 2826 2773 2826 2773 2780 2746 2780
3087 3145 3086 3145 3086 2685 3049 2685
3186 2863 3185 2863 3185 2935 3176 2935
2755 2881 2756 2881 2756 2797 2771 2797
3717 1236 3645 1236 3645 1555 3619 1555
3489 1190 3489 1210 3599 1210 3599 1604
3670 1251 3670 1253 3669 1253 3669 1373
3629 1245 3630 1245 3630 1192 3683 1192
3470 1185 3469 1185 3469 1465 3422 1465
3411 1458 3412 1458 3412 1183 3679 1183
3288 1553 3288 1214 3374 1214 3374 1186
3528 1344 3528 1273 3735 1273 3735 1251
3637 1314 3558 1314 3558 1215 3327 1215
3299 1670 3299 1762 3571 1762 3571 1780
3742 1747 3743 1747 3743 1959 3746 1959
3712 1784 3713 1784 3713 1733 3751 1733
3541 1962 3398 1962 3398 1938
3361 1790 3362 1790 3362 2031 3375 2031
3578 2135 3714 2135 3714 1860 3733 1860
3404 2070 3689 2070 3689 1887 3713 1887
3739 2099 3738 2099 3738 1877 3729 1877
3425 1807 3485 1807 3485 2097 3495 2097
3641 2648 3641 2599 3398 2599 3398 2302
3737 2590 3494 2590 3494 2508 3297 2508
3398 2464 3399 2464 3399 2423 3705 2423
3453 2467 3453 2506 3286 2506 3286 2599
3754 2584 3264 2584 3264 2592 3258 2592
3347 2660 3433 2660 3433 2320 3603 2320
3496 2540 3495 2540 3495 2330 3437 2330
3752 2528 3751 2528 3751 2586 3717 2586
3276 2390 3294 2390 3294 2433 3302 2433
3501 3019 3501 3051 3339 3051 3339 3087
3734 2824 3653 2824 3653 2927 3630 2927
3743 3033 3629 3033 3629 2767 3531 2767
3673 2822 3693 2822 3693 2915 3706 2915
3639 2779 3640 2779 3640 2712 3654 2712
3559 3123 3674 3123 3674 2879 3692 2879
3363 3023 3363 3048 3753 3048 3753 3114
3723 2850 3656 2850 3656 2945 3505 2945
3468 2851 3468 2821 3704 2821 3704 2710
1935 1626 2052 1626 2052 1651 2341 1651
1793 1667 2291 1667 2291 1658 2508 1658
1889 1639 1749 1639 1749 1663 1731 1663
2052 1666 2051 1666 2051 1637 1783 1637
1750 1656 1751 1656 1751 1674 1809 1674
2286 2167 2285 2167 2285 2165 1898 2165
2302 2153 2301 2153 2301 2149 2055 2149
2295 2176 2294 2176 2294 2184 1834 2184
2382 2184 2406 2184 2406 2145 2654 2145
2405 2180 2404 2180 2404 2173 1711 2173
2123 2699 2480 2699 2480 2689 2590 2689
2209 2652 2210 2652 2210 2694 2670 2694
2292 2673 2291 2673 2291 2668 1968 2668
2479 2689 2292 2689 2292 2676 2202 2676
2312 2669 2313 2679 2644 2682
2501 1672 2501 1668 3232 1668 3232 1661
3201 1643 3190 1643 3190 1676 2886 1676
2868 1628 3067 1628 3067 1649 3116 1649
2841 1674 2630 1674 2630 1669 2505 1669
2631 1672 2787 1672 2787 1667 3096 1667
3143 2172 3142 2172 3142 2174 2566 2174
2990 2167 2943 2167 2943 2185 2634 2185
3210 2168 3209 2168 3209 2145 3117 2145
3198 2150 3197 2150 3197 2147 2586 2147
2649 2173 2649 2175 2484 2175 2484 2187
2285 2666 3122 2666 3122 2687 3132 2687
2234 2666 2235 2666 2235 2661 2351 2661
3076 2671 2948 2671 2948 2684 2569 2684
2411 2665 3123 2665 3123 2671 3240 2671
3000 2663 3001 2666 3003 2689
3191 1672 3249 1672 3249 1629 3437 1629
3617 1654 3616 1654 3616 1665 3557 1665
3066 1641 3373 1641 3373 1666 3671 1666
3482 1645 3481 1645 3481 1642 3419 1642
2820 1644 2778 1644 2778 1639
3448 2170 3208 2170 3208 2168 3046 2168
2882 2175 3450 2175 3450 2148 3711 2148
2978 2181 3031 2181 3031 2160 3156 2160
2771 2152 3157 2152 3157 2163 3259 2163
3309 2138 3310 2138 3310 2143 3406 2143
3397 2687 3396 2687 3396 2683 2949 2683
3450 2672 3449 2672 3449 2700 3040 2700
3357 2663 3434 2663 3434 2650 3559 2650
2826 2693 3133 2693 3133 2662 3168 2662
2919 2655 3211 2655 3211 2690 3400 2690
2201 1184 2210 1184 2210 2073 2235 2073
2247 1506 2246 1506 2246 1204 2220 1204
2241 1362 2224 1362 2224 1398 2197 1398
2231 1215 2223 1268 2214 1623
2208 1585 2200 1585 2200 1167 2199 1167
2202 2474 2222 2474 2222 2195 2225 2195
2199 1680 2199 2074 2248 2074 2248 2135
2197 1964 2198 1964 2198 1983 2219 1983
2239 1769 2238 1769 2238 1785 2234 1785
2232 1698 2232 1877 2197 1877 2197 2073
2204 2557 2205 2557 2205 2462 2213 2462
2230 2314 2229 2314 2229 3161
2199 2209 2200 2209 2200 2664 2203 2664
2236 2366 2237 2366 2237 2973 2238 2973
2202 2703 2204 2703 2204 2617 2219 2617
2753 2161 2752 2161 2752 2049 2737 2049
2737 1718 2738 1718 2738 1959 2741 1959
2760 1244 2759 1244 2759 1931 2757 1931
2718 1811 2719 1811 2719 1708 2755 1708
2752 1690 2732 1962 2716 2109
2735 2125 2735 2125 2735 2506 2736 2506
2758 1948 2754 1948 2754 1833
2753 2636 2753 2522 2733 2522 2733 2467
2727 2311 2726 2311 2726 1976 2724 1976
2730 2036 2729 2036 2729 2456 2722 2456
2712 3163 2732 3163 2732 2616 2734 2616
2719 3181 2757 3181 2757 2824
2709 2950 2710 2950 2710 2960 2713 2960
2726 3096 2726 2957 2757 2957
2710 2691 2714 2691 2714 2605 2752 2605
3239 1936 3255 1936 3255 1512
3247 2021 3235 2021 3235 1446
3234 2114 3234 1810 3250 1810 3250 1798
3244 1409 3245 1409 3245 1637 3248 1637
3236 1483 3237 1483 3237 2004 3262 2004
3229 1927 3230 1927 3230 2437 3255 2437
3271 1842 3270 1842 3270 1811 3235 1811
3237 2647 3262 2647 3262 2382 3264 2382
3258 2343 3238 2343 3238 2184 3233 2184
3260 2290 3261 2290 3261 2522
3269 2642 3268 2642 3268 2801 3247 2801
3239 2313 3237 2313 3237 2519 3222 2519
3252 2355 3256 2355 3256 2989 3266 2989
3259 2573 3257 2573 3257 2701 3233 2701
3239 2931 3270 2931 3270 2196 3272 2196
3372 2974 3434 2974 3434 3047 3464 3047
3729 1672 3729 1635 2739 1635 2739 1540
3413 2618 3413 2071 1918 2071 1918 2049
2601 2191 2710 2191 2710 2534 2884 2534
2819 1293 2819 1294 3079 1294 3079 2919
3671 1278 3671 1497 3732 1497 3732 1574
2809 3126 3210 3126 3210 1175 3503 1175
2590 2895 3223 2895 3223 1391 3522 1391
3427 1780 3338 1780 3338 3152 2244 3152
3096 1568 3100 1568 3100 1494 3218 1494
3461 1836 3291 1836 3291 1991 2655 1991
2330 1242 2330 1252 2155 1252 2155 1632
3554 2206 3554 2134 2126 2134 2126 1239
3366 2995 2361 2995 2361 2980 1903 2980
2165 2287 2165 2080 2372 2080 2372 1650
2518 2852 2518 2707 3441 2707 3441 2625
2418 3040 2227 3040 2227 2437 2213 2437
2278 2638 2278 2270 2594 2270 2594 2138
3271 1637 2928 2937 2808 2981
2351 2368 2359 2368 2359 1225 2442 1225
3024 1559 3023 1559 3023 1255 1871 1255
2348 1705 2348 1963 3201 1963 3201 2499
2557 2876 2704 2876 2704 2481 3155 2481
2633 3030 2932 3030 2932 3050 3441 3050
2662 1701 2662 2109 1874 2109 1874 2488
2336 2801 2272 2801 2272 2708 2110 2708
2610 2931 2610 2927 2343 2927 2343 2313
1877 2271 1877 2733 2220 2733 2220 2762
2416 2777 2415 2777 2415 2745 2273 2745
2739 2523 2738 2523 2738 3050 2725 3050
2494 1540 2494 1695 2526 1695 2526 2375
2145 3089 1834 3073 1778 3053
3318 2337 2758 2337 2758 2387 2753 2387
3275 2962 3174 2962 3174 2135 2234 2135
3251 2153 3541 2153 3541 2251 3627 2251
3313 2536 3271 2536 3271 1377 2827 1377
3694 2414 3694 1995 3292 1995 3292 1849
3122 1600 3212 1600 3212 2713 3219 2713
3204 1946 2885 1946 2885 1501 2831 1501
3514 1216 3514 2232 2858 2232 2858 2441
3554 1808 3385 1808 3385 1512 2901 1512
3670 3026 3668 3026 3668 1145 3057 1145
3728 1528 3728 1569 3096 1569 3096 1653
3290 2980 3220 2980 3220 1245 2999 1245
2789 1633 2786 1633 2786 1669
3561 1211 3099 1211 3099 1526 3086 1526
3372 1657 3372 1970 3623 1970 3623 2379
3569 1792 3569 1791 3606 1791 3606 1431
3476 2444 3150 2444 3150 2942 2914 2942
3208 1636 3206 1636 3206 1997 2792 1997
2901 1534 2901 1625 3209 1625 3209 1735
2938 2775 2939 2775 2939 2834 3169 2834
2754 2167 2755 2167 2755 1585 2766 1585
2812 1395 2818 1395 2818 1316 2917 1316
3139 3024 3151 3024 3151 2603 3157 2603
2927 2040 3006 2040 3006 1516 3016 1516
3210 1775 3095 1775 3095 1544 3027 1544
2973 1402 2884 1402 2884 2062 2851 2062
3020 2038 3020 1725 2902 1725 2902 1444
3190 1312 3191 1312 3191 1360 3237 1360
3168 1923 3068 1923 3068 1172 2961 1172
2997 1479 2997 1502 3199 1502 3199 1550
3060 1547 3059 1547 3059 1576 2936 1576
2826 1303 2781 1303 2781 1151 2749 1151
2851 1507 2851 1443 3092 1443 3092 1352
2845 1226 2757 1226 2757 1556 2752 1556
2894 1524 2895 1524 2895 1645
2807 1213 2807 1399 2886 1399 2886 1515
2989 1186 2983 1186 2983 1293 2924 1293
2886 1146 2885 1146 2885 1306 2833 1306
2791 1325 2792 1325 2792 1165 2944 1165
2885 1471 2896 1471 2896 1624 2964 1624
2983 1544 2983 1442 2746 1442 2746 1436
2936 1550 2932 1550 2932 1398 2826 1398
2804 1585 2801 1585 2801 1486
2851 1432 2851 1433 2741 1433 2741 1481
2744 1420 2746 1420 2746 1628 2750 1628
2854 1437 2850 1437 2850 1543 2842 1543
2778 1616 2777 1616 2777 1545 2759 1545
2813 1611 2814 1611 2814 1488 2837 1488
2775 1465 2790 1465 2790 1634 2839 1634
2842 1421 2843 1421 2843 1424 2846 1424
2846 1577 2846 1522 2828 1522 2828 1457
2833 1482 2834 1482 2834 1402 2844 1402
2825 1414 2817 1414 2817 1440 2816 1440
2820 1446 2821 1446 2821 1524 2844 1524
2836 1620 2808 1620 2808 1543 2805 1543
2843 1615 2843 1603 2857 1603 2857 1578
2827 1624 2802 1624 2802 1566
2851 1639 2841 1639 2841 1535 2801 1535
2853 1570 2847 1570 2847 1628 2801 1628
2811 1567 2825 1567 2825 1570 2833 1570
2807 1537 2809 1537 2809 1562 2825 1562
2826 1541 2845 1541 2845 1523 2862 1523
2846 1576 2840 1576 2840 1538 2816 1538
2827 1571 2821 1571 2821 1578 2811 1578
2834 1561 2834 1571 2833 1571 2833 1582
2822 1574 2823 1574 2823 1560 2857 1560
2847 1565 2848 1565 2848 1564 2862 1564
2811 1573 2810 1573 2810 1572 2801 1572
2852 1579 2839 1579 2839 1561 2819 1561
2809 1565 2810 1565 2810 1571 2811 1571
2803 1568 2804 1568 2804 1570 2813 1570
2816 1564 2817 1564 2817 1563 2822 1563
2828 1573 2828 1575 2803 1575 2803 1578
2825 1585 2824 1585 2824 1570
