2048 2048
1128
271 405 168 405 168 284 154 284
24 291 25 291 25 12 70 12
328 207 240 207 240 349 236 349
438 418 417 335 278 223
85 184 86 184 86 108 179 108
134 413 487 413 487 244 490 244
50 373 51 373 51 43 164 43
380 362 385 362 385 81 489 81
308 15 38 15 38 250 36 250
353 109 246 110 225 207
179 355 180 355 180 364 263 364
384 254 384 231 9 231 9 192
296 351 296 58 494 58 494 18
501 201 110 201 110 273 29 273
414 242 403 242 403 422 297 422
294 108 294 110 49 110 49 503
427 131 426 131 426 89 289 89
92 11 92 44 133 44 133 447
124 476 125 476 125 107 171 107
391 207 418 207 418 324 486 324
324 292 323 292 323 5 274 5
281 175 280 175 280 42 112 42
206 80 8 80 8 269 6 269
139 73 140 73 140 48 285 48
400 403 400 363 241 363 241 314
484 372 482 372 482 202 112 202
338 74 337 74 337 445 331 445
474 52 337 52 337 404 169 404
381 12 382 12 382 179 383 179
218 336 219 336 219 80 264 80
39 246 40 246 40 196 425 196
334 919 311 919 311 819 305 819
142 813 236 813 236 720 335 720
382 525 108 525 108 725 86 725
301 887 302 887 302 888 437 888
435 785 304 785 304 857 206 857
129 1015 126 1015 126 980 15 980
126 970 126 944 417 944 417 870
387 1020 34 1020 34 837
45 959 48 959 48 615 103 615
451 782 451 655 321 655 321 575
449 743 449 670 253 670 253 558
411 820 410 820 410 675 373 675
238 849 239 849 239 751 243 751
196 659 178 659 178 847 146 847
122 877 123 877 123 892 221 892
409 910 71 910 71 871 9 871
279 1001 14 1001 14 574 8 574
109 978 110 978 110 782 116 782
28 652 80 652 80 558 227 558
115 561 116 561 116 818 162 818
444 768 443 768 443 656 57 656
160 693 160 758 35 758 35 1014
69 979 266 979 266 688 426 688
118 806 161 806 161 604 233 604
507 613 506 613 506 603 2 603
245 615 244 615 244 559 129 559
88 841 8 841 8 894 4 894
288 901 289 901 289 671 296 671
15 643 16 643 16 757 108 757
495 935 450 935 450 777 317 777
256 585 257 585 257 586 433 586
212 531 114 531 114 599 109 599
337 1450 338 1450 338 1103 457 1103
389 1123 389 1111 446 1111 446 1084
325 1411 325 1298 97 1298 97 1224
22 1423 22 1098 496 1098 496 1092
385 1442 372 1442 372 1089 108 1089
47 1302 210 1302 210 1319 438 1319
432 1175 432 1215 215 1215 215 1333
75 1332 74 1332 74 1422 3 1422
332 1125 296 1125 296 1469 211 1469
265 1185 264 1185 264 1426 231 1426
294 1230 225 1230 225 1293 126 1293
214 1490 215 1490 215 1479 225 1479
440 1063 245 1063 245 1517 229 1517
28 1053 29 1053 29 1310 208 1310
244 1365 243 1365 243 1360 73 1360
384 1300 375 1300 375 1516 368 1516
382 1532 382 1531 220 1531 220 1085
449 1437 391 1437 391 1126 376 1126
147 1435 147 1470 443 1470 443 1481
122 1097 340 1097 340 1092 399 1092
355 1452 336 1452 336 1359 52 1359
382 1413 355 1413 355 1024 343 1024
226 1247 326 1247 326 1344 443 1344
381 1461 454 1461 454 1523 501 1523
295 1246 294 1246 294 1464 204 1464
91 1056 92 1056 92 1119 139 1119
140 1299 209 1299 209 1352 236 1352
510 1127 489 1127 489 1310 360 1310
168 1095 154 1095 154 1025 119 1025
443 1456 208 1456 208 1308 128 1308
35 1233 181 1233 181 1056 390 1056
470 1196 469 1196 469 1067 155 1067
148 1973 42 1973 42 1727 32 1727
104 1950 103 1950 103 1763 56 1763
423 1981 132 1981 132 1724
279 1588 386 1588 386 1699 389 1699
471 1569 471 1571 0 1571 0 1600
264 1905 216 1905 216 1955 181 1955
413 1935 31 1935 31 1666 28 1666
454 1755 449 1755 449 1547 310 1547
455 1712 448 1712 448 1759 390 1759
239 2021 239 1821 349 1821 349 1663
505 1776 483 1776 483 1626 462 1626
32 1662 27 1662 27 1959 17 1959
462 1760 447 1760 447 1616 440 1616
385 1614 200 1614 200 1904 144 1904
427 1716 426 1716 426 1789 161 1789
345 1766 345 1804 414 1804 414 1830
416 1576 416 1584 8 1584 8 1656
291 1749 292 1749 292 1587 362 1587
299 1670 300 1670 300 1621 497 1621
411 1872 411 1873 269 1873 269 1935
63 1670 63 1610 492 1610 492 1547
165 1695 55 1695 55 2034 12 2034
97 2032 266 2032 266 1822 324 1822
432 1620 431 1620 431 2016 382 2016
320 1692 313 1692 313 1757 224 1757
405 2047 250 2047 250 1622 244 1622
217 1920 265 1920 265 1840 438 1840
391 2039 439 2039 439 1550 488 1550
164 1844 165 1844 165 1811 304 1811
354 1974 355 1974 355 1816 395 1816
73 1617 133 1617 133 1890 181 1890
356 1810 344 1810 344 1696 314 1696
17 1881 17 1691 371 1691 371 1664
589 268 557 268 557 338 528 338
618 462 840 462 840 293 869 293
935 451 935 228 812 228 812 78
658 465 863 465 863 154 866 154
899 2 870 2 870 405 778 405
774 105 716 105 716 36 708 36
703 200 696 200 696 329 616 329
590 141 798 141 798 393 828 393
633 57 643 57 643 497 736 497
943 352 940 352 940 186 892 186
886 14 886 36 734 36 734 342
829 129 828 129 828 127 590 127
862 185 861 185 861 180 834 180
601 356 601 375 703 375 703 459
795 268 794 268 794 315 726 315
745 451 745 450 652 450 652 379
864 244 864 243 1000 243 1000 201
736 399 737 399 737 57 964 57
774 208 725 208 725 371 712 371
556 173 557 173 557 14 944 14
939 130 940 130 940 43 998 43
1018 128 1008 128 1008 360 981 360
682 374 683 374 683 65 725 65
929 271 929 231 827 231 827 148
697 313 704 313 704 137 987 137
909 143 941 143 941 85 1003 85
646 208 647 208 647 63 870 63
869 183 868 183 868 78 856 78
664 339 704 339 704 400 800 400
753 304 773 304 773 234 841 234
937 53 936 53 936 26 645 26
900 244 900 468 747 468 747 479
820 793 958 793 958 677 1022 677
906 641 785 641 785 822 654 822
869 802 697 802 697 790 590 790
718 538 729 538 729 900 756 900
708 1004 708 842 632 842 632 735
576 907 959 907 959 807 991 807
560 973 602 853 688 693
539 836 709 836 709 864 915 864
695 848 695 843 540 843 540 519
678 722 691 722 691 846 692 846
955 755 954 755 954 583 577 583
695 819 558 819 558 661 552 661
811 694 625 694 625 759 566 759
755 826 755 823 928 823 928 624
915 957 915 871 512 871 512 851
534 615 535 615 535 518 629 518
688 621 650 621 650 583
854 620 950 620 950 954 992 954
748 867 949 867 949 813 958 813
870 788 869 788 869 786 863 786
626 726 658 726 658 815 992 815
1015 939 1005 939 1005 966 994 966
746 717 745 717 745 974 601 974
527 637 528 637 528 552 554 552
766 824 766 861 908 861 908 957
820 1022 819 1022 819 908 550 908
745 943 777 943 777 571 856 571
776 797 776 716 573 716 573 693
1023 691 963 691 963 808 669 808
546 838 571 838 571 694 612 694
630 663 631 663 631 589 762 589
942 673 797 673 797 681 535 681
707 632 752 632 752 832 898 832
544 574 955 574 955 657 981 657
879 640 847 547 603 540
588 1437 744 1437 744 1446 956 1446
579 1508 635 1448 965 1139
973 1335 973 1127 565 1127 565 1104
1002 1248 1002 1150 568 1150 568 1146
761 1256 761 1316 546 1316 546 1448
980 1182 979 1182 979 1323 599 1323
552 1372 552 1061 825 1061 825 1039
756 1155 755 1155 755 1087 745 1087
790 1433 795 1433 795 1335 846 1335
546 1391 527 1391 527 1134 526 1134
759 1169 758 1169 758 1302 707 1302
953 1158 733 1158 733 1192 639 1192
761 1363 761 1345 590 1345 590 1139
630 1154 927 1154 927 1201 936 1201
979 1083 787 1083 787 1375 757 1375
958 1062 744 1062 744 1285 593 1285
994 1391 876 1391 876 1225 833 1225
611 1174 611 1149 999 1149 999 1139
720 1138 610 1138 610 1336
678 1397 767 1397 767 1072 834 1072
539 1044 539 1039 827 1039 827 1035
1010 1398 728 1398 728 1163 603 1163
729 1334 746 1334 746 1403 974 1403
814 1111 814 1124 601 1124 601 1378
1013 1423 796 1423 796 1525 762 1525
734 1161 735 1161 735 1320 968 1320
901 1435 902 1435 902 1186 911 1186
827 1282 828 1282 828 1086 951 1086
969 1349 969 1369 1015 1369 1015 1496
860 1223 859 1223 859 1128 842 1128
711 1247 673 1247 673 1435 635 1435
952 1185 951 1185 951 1116 907 1116
974 1196 966 1196 966 1248 919 1248
600 1732 600 1833 566 1833 566 2025
928 1687 934 1687 934 1886 989 1886
1017 1880 970 1880 970 1553 949 1553
678 1595 764 1595 764 1775 924 1775
731 1626 731 1650 708 1650 708 1716
795 1800 897 1800 897 1990 912 1990
590 1547 590 1908 616 1908 616 2044
661 1968 620 1968 620 1616 613 1616
675 1921 676 1921 676 1892 740 1892
527 1714 550 1714 550 1848 845 1848
875 1563 875 1579 564 1579 564 1930
971 1737 972 1737 972 1618 1016 1618
763 1675 763 1616 657 1616 657 1543
1007 1677 1006 1677 1006 2021 821 2021
867 1624 925 1624 925 1922 1018 1922
862 1558 862 1580 605 1580 605 1769
773 1609 774 1609 774 1634 911 1634
741 2022 698 2022 698 1640 661 1640
569 1619 570 1619 570 2029 586 2029
753 1823 752 1823 752 1774 651 1774
530 1586 571 1586 571 1887 684 1887
672 1734 650 1734 650 1849 621 1849
548 1742 549 1742 549 1982 952 1982
585 1653 585 1875 896 1875 896 1907
672 1542 526 1542 526 1766 525 1766
872 1805 871 1805 871 1964 640 1964
685 1951 684 1951 684 1930 660 1930
626 1730 630 1730 630 1615 880 1615
596 1832 722 1832 722 1772 888 1772
630 1874 721 1874 721 1649 730 1649
749 1752 748 1752 748 1617 724 1617
828 1669 814 1669 814 1902 699 1902
1514 387 1514 38 1247 38 1247 35
1526 60 1524 60 1524 0 1504 0
1525 5 1522 5 1522 141 1430 141
1114 226 1115 226 1115 35 1338 35
1289 463 1210 463 1210 282 1187 282
1312 245 1277 245 1277 356 1167 356
1240 324 1241 324 1241 319 1457 319
1406 53 1397 53 1397 472 1037 472
1033 434 1033 244 1339 244 1339 143
1166 219 1171 219 1171 109 1285 109
1430 505 1429 505 1429 508 1346 508
1357 423 1356 423 1356 76 1319 76
1184 47 1407 47 1407 333 1439 333
1034 277 1034 426 1499 426 1499 443
1084 443 1134 443 1134 172 1310 172
1321 425 1320 425 1320 371 1284 371
1206 133 1207 133 1207 511 1266 511
1419 64 1464 64 1464 122 1506 122
1042 113 1043 113 1043 25 1206 25
1437 222 1429 222 1429 130 1428 130
1433 56 1170 56 1170 143 1061 143
1131 298 1113 298 1113 202 1041 202
1376 407 1375 407 1375 367 1360 367
1446 400 1458 400 1458 99 1463 99
1056 428 1057 428 1057 464 1413 464
1380 34 1380 247 1209 247 1209 307
1057 305 1132 305 1132 246 1384 246
1315 355 1056 355 1056 287 1037 287
1525 120 1524 120 1524 104 1414 104
1444 313 1445 313 1445 168 1450 168
1375 7 1040 7 1040 351 1036 351
1143 575 1143 668 1264 668 1264 875
1077 906 1326 906 1326 858 1367 858
1358 950 1375 950 1375 758 1410 758
1491 782 1490 782 1490 740 1460 740
1506 707 1505 707 1505 626 1347 626
1041 539 1432 539 1432 689 1437 689
1524 853 1524 846 1047 846 1047 671
1115 717 1101 717 1101 680 1100 680
1174 667 1265 667 1265 775 1354 775
1348 910 1349 910 1349 891 1422 891
1160 970 1148 970 1148 854 1143 854
1533 926 1532 926 1532 616 1093 616
1461 952 1289 952 1289 640 1202 640
1328 961 1328 957 1410 957 1410 938
1054 1020 1438 1020 1438 621 1474 621
1374 868 1374 774 1352 774 1352 547
1294 620 1297 620 1297 674 1307 674
1278 937 1278 941 1053 941 1053 996
1528 840 1507 840 1507 593 1062 593
1395 607 1365 607 1365 535 1258 535
1078 966 1079 966 1079 995 1154 995
1060 964 1060 943 1291 943 1291 608
1413 613 1373 613 1373 925 1329 925
1037 917 1038 917 1038 623 1142 623
1053 816 1355 816 1355 721 1479 721
1503 771 1288 771 1288 649 1051 649
1450 555 1480 555 1480 986
1258 773 1258 680 1115 680 1115 642
1494 982 1257 982 1257 705 1188 705
1525 674 1524 674 1524 800 1378 800
1170 519 1170 536 1325 536 1325 902
1493 705 1492 705 1492 700 1440 700
1290 680 1290 574 1100 574 1100 532
1223 1021 1223 999 1431 999 1431 560
1370 813 1346 813 1346 531 1117 531
1358 733 1509 733 1509 540 1519 540
1335 1494 1296 1494 1296 1438 1268 1438
1349 1072 1503 1072 1503 1225 1516 1225
1354 1154 1168 1154 1168 1203 1137 1203
1298 1202 1420 1238 1433 1315
1355 1218 1355 1212 1439 1212 1439 1112
1435 1440 1435 1356 1071 1356 1071 1311
1102 1265 1250 1265 1250 1179 1382 1179
1033 1178 1034 1178 1034 1487
1185 1279 1184 1279 1184 1239 1156 1239
1467 1167 1466 1167 1466 1237 1403 1237
1411 1257 1411 1374 1046 1374 1046 1442
1249 1249 1249 1176 1203 1176 1203 1031
1115 1088 1115 1107 1294 1107 1294 1135
1162 1211 1223 1211 1223 1530 1372 1530
1041 1105 1043 1105 1043 1446 1205 1446
1072 1216 1099 1216 1099 1343 1386 1343
1475 1068 1475 1381 1120 1381 1120 1400
1121 1517 1336 1517 1336 1324 1387 1324
1236 1447 1463 1447 1463 1367 1465 1367
1103 1155 1251 1155 1251 1265 1296 1265
1100 1398 1111 1398 1111 1479 1240 1479
1222 1202 1197 1202 1197 1045 1192 1045
1214 1360 1213 1360 1213 1380 1197 1380
1186 1314 1257 1314 1257 1028 1259 1028
1233 1128 1175 1128 1175 1535 1026 1535
1245 1102 1295 1102 1295 1218 1316 1218
1335 1083 1334 1083 1334 1144 1041 1144
1305 1468 1297 1468 1297 1071 1105 1071
1147 1344 1147 1340 1258 1340 1258 1303
1164 1341 1298 1341 1298 1232 1446 1232
1379 1407 1380 1407 1380 1419 1497 1419
1152 1029 1154 1029 1154 1345 1208 1345
1421 1026 1447 1026 1447 1414 1462 1414
1223 1534 1222 1534 1222 1412 1179 1412
1508 1746 1509 1746 1509 1659 1510 1659
1032 1690 1033 1690 1033 1667 1476 1667
1461 1622 1225 1622 1225 1910 1202 1910
1315 1822 1316 1822 1316 1874 1340 1874
1361 1651 1142 1651 1142 1799 1105 1799
1269 1793 1393 1793 1393 1586 1398 1586
1233 1992 1454 1992 1454 1828 1469 1828
1459 1965 1315 1965 1315 1828 1309 1828
1471 2027 1141 2027 1141 1625 1134 1625
1453 1958 1201 1958 1201 1881 1129 1881
1405 1844 1404 1844 1404 1626 1401 1626
1111 1995 1113 1995 1113 1737 1123 1737
1311 1928 1295 1928 1295 1638 1246 1638
1296 1817 1341 1878 1479 1957
1145 1865 1146 1865 1146 1964 1176 1964
1515 1694 1514 1694 1514 2006 1304 2006
1462 1621 1140 1621 1140 2041 1134 2041
1182 1551 1133 1551 1133 1656 1092 1656
1101 2046 1100 2046 1100 2031 1080 2031
1291 1716 1241 1716 1241 1769 1227 1769
1343 1626 1343 1627 1486 1627 1486 1700
1508 1704 1397 1704 1397 1869 1302 1869
1416 1941 1416 1650 1229 1650 1229 1622
1256 1672 1292 1672 1292 2032 1361 2032
1060 1916 1429 1916 1429 1741 1484 1741
1429 1545 1428 1545 1428 1826
1091 1611 1091 1657 1112 1657 1112 1767
1226 1674 1226 1794 1490 1794 1490 1888
1273 1989 1200 1989 1200 1701 1143 1701
1158 2006 1158 1991 1298 1991 1298 1961
1242 1755 1253 1755 1253 1925 1269 1925
1091 1695 1092 1695 1092 1664 1102 1664
1455 1851 1480 1851 1480 2025 1513 2025
1326 1588 1326 1606 1528 1606 1528 1940
1077 1656 1077 1800 1395 1800 1395 1890
1609 14 1891 14 1891 262 1973 262
1830 364 1829 364 1829 111 1677 111
1702 440 1694 440 1694 147 1686 147
1964 408 1963 408 1963 12 1584 12
2045 139 1865 139 1865 218 1822 218
1875 67 1864 67 1864 336 1794 336
1742 429 1974 429 1974 163 1976 163
1796 207 1792 207 1792 348 1695 348
1582 65 1658 65 1658 140
1932 371 1931 371 1931 443 1841 443
1817 177 1761 177 1761 220 1623 220
1753 238 1753 33 1723 33 1723 10
1634 16 1662 16 1662 393 1686 393
1639 506 1764 506 1764 181 1838 181
1825 215 1787 215 1787 419 1784 419
1688 465 2012 465 2012 257 2026 257
1867 147 1866 147 1866 377 1665 377
1762 220 1762 239 1570 239 1570 312
1710 284 1711 284 1711 327 1761 327
1710 68 1862 68 1862 409 1997 409
1980 349 1979 349 1979 23 1849 23
1999 239 2000 239 2000 292 2011 292
1762 350 1741 350 1741 453 1722 453
1980 39 1676 39 1676 170 1575 170
1941 377 1941 302 1871 302 1871 164
2045 134 2044 134 2044 47 1720 47
1544 445 1568 445 1568 313 1707 313
1567 355 1566 355 1566 49 1539 49
1787 426 1770 455 1757 510
1674 400 1565 400 1565 214 1544 214
1743 312 1763 312 1763 172 1806 172
1557 183 1818 183 1818 200 1843 200
1945 461 1945 453 1817 453 1817 186
1874 3 1875 3 1875 6 1969 6
1836 650 1816 650 1816 794 1792 794
1708 574 2042 574 2042 677 2045 677
1555 591 1907 591 1907 815 1914 815
1623 658 1683 658 1683 543 1757 543
1638 700 1638 828 1842 828 1842 924
1929 529 1929 535 1662 535 1662 827
1948 570 1947 570 1947 523 1886 523
1885 1015 1855 1015 1855 614 1691 614
1817 675 1881 675 1881 928 1882 928
1959 951 1841 951 1841 862 1810 862
1760 771 1759 771 1759 718 1699 718
1920 581 1765 581 1765 937 1603 937
1803 706 1859 706 1859 981 2040 981
2009 710 2008 710 2008 701 1617 701
1792 635 1793 635 1793 588 1979 588
1541 877 1542 877 1542 927 1706 927
1939 798 1939 674 1562 674 1562 618
2041 648 2040 648 2040 925 1932 925
1552 991 1766 991 1766 840 1798 840
1815 718 1802 718 1802 688 1753 688
1852 927 1860 927 1860 619 1936 619
1939 864 1938 864 1938 539 1864 539
1954 961 1982 961 1982 593 2000 593
1749 576 1748 576 1748 668 1659 668
1989 655 2010 655 2010 789
2038 928 2025 928 2025 641 2013 641
1915 771 1915 929 1856 929 1856 1000
1607 728 1608 728 1608 608 1890 608
1850 536 1849 536 1849 856 1797 856
1884 818 1758 818 1758 722 1718 722
1626 528 1627 528 1627 903 1663 903
1736 974 1736 908 1618 908 1618 658
1703 566 1703 575 1980 575 1980 909
1946 1305 1946 1075 1690 1075 1690 1054
1929 1178 1929 1255 1603 1255 1603 1302
2022 1516 2022 1378 1625 1378 1625 1345
1682 1356 1683 1356 1683 1370 1944 1370
1655 1249 1655 1115 1760 1115 1760 1102
1890 1142 1889 1142 1889 1043 1548 1043
1817 1194 1817 1167 1749 1167 1749 1117
1733 1244 1568 1244 1568 1309 1546 1309
1971 1349 1972 1349 1972 1506 1982 1506
1916 1535 1602 1535 1602 1302 1577 1302
1990 1069 1970 1069 1970 1432 1652 1432
1819 1149 1761 1149 1761 1130 1698 1130
1855 1121 1854 1121 1854 1290 1694 1290
1799 1168 1559 1168 1559 1066 1549 1066
1644 1513 1985 1513 1985 1251 1993 1251
1893 1290 1892 1290 1892 1366 1780 1366
1891 1351 1891 1209 1559 1209 1559 1202
1564 1086 1681 1086 1681 1079 1731 1079
1885 1201 1885 1343 1674 1343 1674 1527
1748 1494 1824 1494 1824 1526 1854 1526
1898 1068 2018 1068 2018 1289 2043 1289
1910 1189 1888 1189 1888 1125 1742 1125
1666 1210 1734 1210 1734 1316 1846 1316
1844 1376 1886 1376 1886 1025 1890 1025
1615 1191 1911 1191 1911 1157 1961 1157
2040 1363 1652 1363 1652 1246 1570 1246
1777 1361 1693 1361 1693 1266 1684 1266
1762 1233 1762 1306 2024 1306 2024 1503
1722 1487 1723 1487 1723 1453 1953 1453
1832 1342 1654 1342 1654 1217 1580 1217
1918 1254 1918 1200 1682 1200 1682 1131
1639 1044 1638 1044 1638 1346 1626 1346
1586 1973 1669 1973 1669 1677 1715 1677
1937 1587 1586 1587 1586 1911 1553 1911
1893 2045 1967 2045 1967 1932 1999 1932
1865 1809 1864 1809 1864 1580 1818 1580
2017 1547 2016 1547 2016 1854 1540 1854
1712 1809 1948 1809 1948 1624 2020 1624
1886 1993 1791 1993 1791 1731 1769 1731
1606 1932 1689 1932 1689 1822 1741 1822
1998 1856 1997 1856 1997 1720 1964 1720
1760 1923 1760 1842 1587 1842 1587 1725
1589 1607 1590 1607 1590 1610 1999 1610
1832 2040 1949 2040 1949 1764 1965 1764
1895 1685 1894 1685 1894 1881 1798 1881
1757 1982 1687 1982 1687 1667 1673 1667
1585 1553 1584 1553 1584 1705 1557 1705
1663 1629 1663 1630 1632 1630 1632 1699
1974 1846 1974 1821 1623 1821 1623 1750
1543 2031 1546 2031 1546 1713 1563 1713
1664 1901 1664 1926 1604 1926 1604 2025
1642 1843 1633 1843 1633 1849 1616 1849
1615 1727 1616 1727 1616 1719 1771 1719
1857 1869 1856 1869 1856 1840
1792 1740 1792 1978 1899 1978 1899 2021
1853 1541 1892 1541 1892 2025 1908 2025
1707 1797 1869 1797 1869 1925 2021 1925
1732 1655 1732 1678 1688 1678 1688 1904
1612 1674 1613 1674 1613 1810 1924 1810
1719 2003 1887 2003 1887 1981 1966 1981
1663 1600 1614 1600 1614 1769 1611 1769
1673 1572 1938 1572 1938 1980 1964 1980
1552 1582 1552 1912 1653 1912 1653 1925
1612 1998 1761 1998 1761 1862 1815 1862
1617 1624 1793 1624 1793 1977 1885 1977
112 535 113 535 113 521 146 521
389 527 389 488 993 488 993 486
863 523 864 523 864 522 969 522
591 501 592 501 592 503 699 503
154 496 261 496 261 497 578 497
934 1013 877 1013 877 1001 300 1001
237 1032 496 1032 496 1044 635 1044
389 1044 390 1044 390 1036 420 1036
196 1024 196 1016 1003 1016 1003 1013
927 1008 1004 1008 1004 1020 1005 1020
106 1536 126 1536 126 1519 447 1519
947 1531 946 1531 946 1534 254 1534
531 1517 631 1517 631 1523 668 1523
380 1532 380 1533 580 1533 580 1538
798 1516 866 1517 868 1544
1240 526 862 526 862 523 684 523
902 528 891 528 891 490 878 490
892 525 970 525 970 500 1148 500
1244 525 1366 525 1366 536 1424 536
627 536 818 536 818 493 1025 493
1039 1002 1010 1002 1010 1044 923 1044
526 1014 527 1014 527 1011 633 1011
712 1018 828 1018 828 1041 1189 1041
1427 1000 1420 1000 1420 1032 1412 1032
1260 1021 1228 1022 1086 1029
1413 1555 1257 1555 1257 1544 1255 1544
587 1530 591 1530 591 1556 782 1556
1414 1526 1413 1526 1413 1545 1258 1545
1030 1549 1030 1555 591 1555 591 1556
1049 1545 1224 1545 1224 1526 1255 1526
1085 504 1431 504 1431 507 1561 507
1546 520 1243 520 1243 532 1159 532
1233 530 1241 530 1241 519 1295 519
1835 531 1834 531 1834 534 1108 534
1027 495 1028 495 1028 514 1906 514
1215 1047 1210 1047 1210 1045 1207 1045
2022 1013 2021 1013 2021 1017 2016 1017
2011 1041 1731 1041 1731 1033 1188 1033
1543 1019 1544 1019 1544 1012 1548 1012
1731 1014 1732 1014 1732 1035 1882 1035
1062 1512 1062 1518 1537 1518 1537 1530
1568 1526 1586 1526 1586 1555 1625 1555
1932 1530 1931 1530 1931 1529 1447 1529
1862 1559 1852 1559 1852 1538 1647 1538
1933 1532 1083 1532 1083 1535
513 429 522 429 522 794 537 794
512 424 511 424 511 160 487 160
501 412 501 337 529 337 529 324
527 164 526 164 526 59 488 59
532 312 500 312 500 435 492 435
505 747 505 1107 522 1107 522 1136
529 627 529 807 535 807 535 1038
493 1314 499 1314 499 1377 515 1377
526 1015 503 1015 503 977 501 977
534 1243 534 1048 501 1048 501 632
529 1991 512 1991 512 1384 492 1384
537 1035 520 1035 520 1389 502 1389
530 1050 531 1050 531 1493
491 2013 516 2013 516 1262
513 1661 524 1661 524 1263 527 1263
1018 703 1017 703 1017 507 1000 507
1018 896 1019 896 1019 292 1021 292
1020 850 1020 464 1009 464 1009 335
1001 938 1025 938 1025 529 1032 529
1031 217 1030 217 1030 481 1021 481
1042 1161 1031 1161 1031 704 1008 704
1025 1069 1025 1111 1028 1111 1028 1245
1016 1328 1017 1328 1017 967
1021 1347 1036 1347 1036 1469 1045 1469
1004 1419 1029 1419 1029 572 1031 572
1048 1428 1048 1546 1049 1546 1049 1950
1011 1395 1012 1395 1012 1225
1033 1209 1033 1619 1014 1619 1014 1703
1033 1821 1034 1821 1034 1835 1043 1835
1039 1028 1024 1028 1024 1102 1020 1102
1541 352 1544 446 1551 639
1550 767 1543 767 1543 446 1529 446
1548 422 1547 422 1547 45 1546 45
1551 187 1544 187 1544 365 1543 365
1545 131 1545 131 1545 773 1555 773
1551 685 1540 685 1540 1302 1531 1302
1521 871 1522 871 1522 1270 1540 1270
1531 755 1531 992 1560 992 1560 1151
1546 1001 1555 1001 1555 1334 1559 1334
1544 1305 1530 1305 1530 788 1526 788
1547 1121 1548 1121 1548 1199 1554 1199
1536 1061 1536 1243 1543 1243 1543 1583
1516 1353 1517 1353 1517 1357 1537 1357
1549 1099 1546 1099 1546 1211 1524 1211
1558 1354 1557 1354 1557 1423 1519 1423
1681 690 1560 690 1560 958 1333 958
928 418 928 232 526 232 526 210
1221 918 1030 918 1030 981 879 981
514 71 467 71 467 1268
339 1092 235 1092 235 135 180 135
480 75 1539 75 1539 1430 1819 1430
1502 1147 1502 1613 251 1613 251 1762
544 403 544 1436 979 1436 979 1597
276 1703 325 1703 325 2035 796 2035
1398 1722 1516 1722 1516 1629 1890 1629
1252 1854 1069 1854 1069 1171 622 1171
814 860 1663 860 1663 766 1680 766
2017 1225 1969 1225 1969 1424 1472 1424
1813 569 1535 569 1535 1206 1196 1206
1854 716 1826 716 1826 1146 1762 1146
1899 465 1899 521 1449 521 1449 1212
462 86 517 86 517 1444 553 1444
644 1565 644 1529 452 1529 452 327
1720 650 1720 485 896 485 896 401
1691 1112 1691 491 284 491 284 270
1516 343 1519 343 1519 1242 1618 1242
699 751 699 492 1403 492 1403 81
1249 1649 1560 1649 1560 1314 1890 1314
1441 1123 1623 1581 1855 1780
842 64 843 64 843 715 854 715
1803 913 1580 913 1580 1748 1338 1748
1398 318 1398 454 1841 454 1841 540
725 1914 1406 1849 1471 1832
106 898 106 870 1858 870 1858 741
2026 713 2026 447 711 447 711 278
1118 1209 1035 1209 1035 205 483 205
1162 626 1162 785 1241 785 1241 1139
1648 909 1648 1581 1824 1581 1824 1613
946 410 946 482 1967 482 1967 922
1984 1379 1504 1379 1504 650 887 650
1502 1170 1501 1170 1501 1400 600 1400
427 891 486 891 486 868 494 868
1486 1742 1485 1742 1485 985 1038 985
1640 1745 1640 1265 1838 1265 1838 1076
1828 90 1828 171 1589 171 1589 1467
592 458 511 458 511 1752 476 1752
1128 1633 1009 1633 1009 1387 709 1387
1355 282 1355 484 761 484 761 512
660 50 660 449 782 449 782 1446
180 559 180 560 227 560 227 929
1885 852 1885 998 994 998 994 1048
1427 965 604 965 604 816 90 816
1991 1973 1992 1973 1992 2037 2028 2037
1105 1023 1101 1023 1101 1202 1095 1202
602 1395 602 1448 1663 1448 1663 1516
459 1509 1541 1509 1541 959 1811 959
1642 386 1867 386 1867 303 1928 303
1612 1646 1503 1646 1503 1334 1098 1334
1562 298 1561 298 1561 1751 216 1751
100 883 100 875 1089 875 1089 858
5 699 5 41 1258 41 1258 39
407 81 407 83 1657 83 1657 762
1682 605 1545 605 1545 1713 32 1713
1481 316 1481 2026 115 2026 115 2027
144 441 424 483 1723 534
382 1245 382 1404 1535 1404 1535 1435
1072 1642 1031 1642 1031 1794 974 1794
346 1803 346 1612 1468 1612 1468 143
371 8 371 16 109 16 109 1152
129 873 54 873 54 1011 48 1011
537 756 537 483 1157 483 1157 397
209 1778 503 1778 503 1052 1648 1052
1568 205 1569 205 1569 1843 1637 1843
933 1837 765 1078 764 154
219 811 234 811 234 230 1661 230
327 256 327 486 1525 486 1525 835
674 1414 1340 1414 1340 832 1748 832
1379 311 1529 311 1529 1931 1567 1931
1378 187 72 187 72 877
800 1092 1008 1092 1008 1816 1247 1816
133 1963 272 1963 272 1254 692 1254
1429 1605 1429 518 823 518 823 412
1170 162 999 162 999 233 418 233
294 672 460 672 460 1487 731 1487
304 2038 195 2038 195 685 179 685
366 365 746 487 1508 702
73 291 121 291 121 384 240 384
1271 140 1538 140 1538 1878 1668 1878
1733 1553 1551 1553 1551 1594 997 1594
1796 1796 1796 1599 1595 1599 1595 1383
1173 932 1036 932 1036 196 449 196
1575 36 1575 42 680 42 680 227
1733 497 1733 511 1809 511 1809 1794
1876 923 1876 851 1906 851 1906 699
62 949 63 949 63 1110 180 1110
392 1514 392 1614 1967 1614 1967 1806
1114 319 1120 319 1120 37 1142 37
1800 594 1800 1049 482 1049 482 1234
828 764 871 764 871 1785 876 1785
1278 1126 1044 1126 1044 1881 201 1881
345 2004 1015 2004 1015 1535 1129 1535
1202 293 1202 480 556 480 556 526
1752 34 1091 34 1091 217 817 217
1982 353 1981 353 1981 1899 1952 1899
409 1734 409 1488 341 1488 341 432
221 680 222 680 222 1999 739 1999
970 1346 968 1346 968 1813 460 1813
521 595 521 495 324 495 324 236
523 1288 523 402 558 402 558 306
772 1970 772 1967 621 1967 621 1346
125 1533 125 517 540 517 540 513
904 554 776 554 776 586 701 586
86 97 89 97 89 2005 103 2005
428 1762 427 1762 427 1989 61 1989
107 1080 155 1080 155 997 321 997
766 806 766 380 810 380 810 106
1014 1457 466 1457 466 591 294 591
695 1450 695 1524 156 1524 156 1589
839 448 780 448 780 1332 703 1332
388 843 422 843 422 1373 431 1373
363 1264 363 1245 295 1245 295 1102
47 595 47 1671 268 1671 268 1777
471 951 471 509 291 509 291 244
782 1658 772 1658 772 369 632 369
448 1322 486 1322 486 942 539 942
128 851 128 425 404 425 404 302
937 690 786 690 786 1571 623 1571
489 666 85 666 85 1305 74 1305
25 1418 25 869 264 869 264 767
46 663 33 663 33 1533 31 1533
543 494 481 494 481 1726 450 1726
642 428 551 428 551 1697 550 1697
880 182 880 186 302 186 302 588
1004 1748 1004 1449 494 1449 494 612
366 496 507 496 507 1298 600 1298
168 1303 168 1615 577 1615 577 1743
142 877 142 1608 629 1608 629 1642
868 1325 902 1114 948 0
374 967 53 967 53 510 33 510
926 270 513 270 513 1872 274 1872
961 1146 960 1146 960 114 593 114
363 901 363 482 497 482 497 363
655 1272 560 1272 560 1500 292 1500
43 1759 43 1433 269 1433 269 1247
387 258 594 258 594 459 741 459
938 366 938 199 352 199 352 157
530 806 530 35 860 35 860 26
258 926 265 926 265 567 355 567
621 1484 622 1484 622 445 625 445
120 344 120 1607 800 1607 800 1736
946 873 946 689 883 689 883 362
468 747 499 747 499 989 592 989
49 1806 49 1434 325 1434 325 1423
559 666 844 666 844 258 927 258
507 1020 993 1020 993 709 996 709
588 1098 588 1055 111 1055 111 178
728 284 728 343 763 343 763 376
170 945 418 945 418 856 690 856
240 125 545 125 545 866 863 866
609 73 340 73 340 739 332 739
817 759 817 493 33 493 33 328
657 792 520 792 520 522 269 522
57 835 57 479 934 479 934 317
56 620 145 620 145 690 741 690
963 444 963 153 839 153 839 123
352 232 352 868 433 868 433 944
510 324 509 324 509 210 324 210
726 82 536 82 536 712
289 575 289 427 683 427 683 398
55 899 403 899 403 1008 621 1008
421 529 420 529 420 543 132 543
538 380 537 380 537 376 504 376
519 959 519 952 220 952 220 921
605 376 510 426 309 709
709 503 612 504 433 604
124 917 130 917 130 542 533 542
794 68 737 68 737 838 735 838
399 630 177 630 177 805 43 805
642 686 642 492 126 492 126 415
395 919 395 918 4 918 4 901
252 512 516 512 516 860 583 860
865 692 872 692 872 817 874 817
1014 58 953 58 953 123 821 123
671 538 670 538 670 756 666 756
514 155 593 155 593 467 761 467
797 339 744 339 744 710 718 710
945 381 945 481 753 481 753 773
942 836 787 836 787 451 688 451
872 298 956 298 956 948 973 948
728 984 728 991 556 991 556 1001
991 549 990 549 990 576 891 576
725 630 590 630 590 262 562 262
934 803 933 803 933 29 932 29
605 850 613 850 613 12 878 12
522 811 522 877 937 877 937 881
966 819 962 819 962 573 894 573
910 306 911 306 911 672 915 672
848 552 848 489 939 489 939 337
928 995 928 945 948 945 948 131
912 921 913 921 913 879 928 879
802 714 802 580 1018 580 1018 501
980 980 980 185 926 185 926 157
1012 504 962 504 962 307 941 307
911 121 911 84 990 84 990 58
944 946 961 946 961 683 991 683
900 962 1023 962 1023 3
961 574 964 574 964 26
975 696 976 696 976 581 1015 581
1018 465 987 465 987 595 980 595
977 131 983 131 983 941 1016 941
965 459 966 459 966 471 979 471
981 620 981 697 964 697 964 924
1008 930 1010 930 1010 595 1018 595
963 990 988 990 988 834 995 834
962 930 988 942 1002 970
997 826 997 769 1003 769 1003 761
968 956 969 956 969 980 978 980
996 987 987 987 987 944 983 944
998 777 998 809 974 809 974 817
971 842 974 842 974 956 982 956
990 996 967 996 967 793 964 793
981 843 998 843 998 819 1009 819
970 789 970 832 1017 832 1017 841
1016 782 1007 782 1007 814 989 814
1022 820 1022 772 981 772
969 826 975 826 975 817 979 817
972 808 992 808 992 786 1018 786
999 813 971 813 971 772
997 802 1000 802 1000 801 1008 801
977 790 976 790 976 777 973 777
1014 795 1017 795 1017 789 1019 789
1021 784 1017 784 1017 773 1015 773
1010 793 1011 793 1011 823 1020 823
1018 814 1013 814 1013 774 998 774
1019 782 1018 782 1018 770 1001 770
1016 794 1012 794 1012 820
999 805 1000 805 1000 803 1020 803
1008 825 1009 825 1009 831 1018 831
995 812 1000 812 1000 818 1003 818
1009 802 1008 802 1008 816 995 816
995 819 996 819 996 827 1019 827
457 803 456 803 456 638 390 638
356 690 356 691 390 691 390 706
453 693 454 693 454 668 466 668
249 825 250 825 250 784 263 784
387 683 388 683 388 760 389 760
466 614 355 614 355 757 339 757
275 978 376 978 376 1047 446 1047
490 1084 490 1062 396 1062 396 927
370 1035 432 1035 432 953 444 953
281 957 474 957 474 1030
302 1082 288 1082 288 1067
486 945 484 945 484 1112 391 1112
421 1318 359 1318 359 1259 297 1259
449 1115 478 1115 478 1191 480 1191
376 1166 439 1166 439 1342 442 1342
332 1121 331 1121 331 1364 326 1364
421 1191 375 1191 375 1160 246 1160
459 1301 458 1301 458 1232 299 1232
497 1377 490 1377 490 1469 488 1469
434 1420 432 1420 432 1601 416 1601
251 1487 251 1548 360 1548 360 1561
407 1490 291 1490 291 1612 282 1612
279 1583 279 1488 325 1488 325 1450
253 1570 253 1489 373 1489 373 1439
735 698 735 703 749 703 749 759
527 699 528 699 528 682 735 682
565 710 565 692 686 692 686 631
504 761 538 761 538 612 603 612
598 663 597 663 597 802 594 802
633 680 629 680 629 643 605 643
703 888 623 888 623 1097 593 1097
596 965 538 965 538 1040 512 1040
536 1089 537 1089 537 1103 647 1103
645 1007 600 1007 600 896 595 896
624 1033 624 1010 675 1010 675 982
590 1106 589 1106 589 897 584 897
670 1266 669 1266 669 1277 561 1277
601 1192 602 1192 602 1219 692 1219
708 1156 708 1229 671 1229 671 1330
608 1308 609 1308 609 1226 629 1226
724 1188 515 1188 515 1271 513 1271
691 1132 726 1132 726 1146 752 1146
595 1477 596 1477 596 1565 597 1565
680 1519 679 1519 679 1549 654 1549
642 1578 545 1578 545 1414
519 1587 519 1507 605 1507 605 1459
630 1519 540 1519 540 1370 520 1370
692 1409 696 1409 696 1456 709 1456
802 677 801 677 801 604 755 604
960 795 959 795 959 769 809 769
926 725 926 761 793 761 793 801
835 832 835 831 788 831 788 670
832 671 792 760 789 821
958 667 957 667 957 682 913 682
878 899 873 899 873 1067 781 1067
969 882 968 882 968 995 905 995
960 932 965 932 965 871 997 871
968 1004 878 1004 878 963 762 963
874 945 914 945 914 917 949 917
832 904 833 904 833 891 877 891
880 1123 896 1123 896 1367 1003 1367
958 1308 1003 1308 1003 1243 1005 1243
954 1151 954 1186 944 1186 944 1213
963 1164 963 1224 820 1224 820 1320
868 1313 867 1313 867 1283 788 1283
967 1235 967 1249 951 1249 951 1367
776 1622 881 1622 881 1458 942 1458
962 1498 961 1498 961 1542 797 1542
822 1384 822 1392 896 1392 896 1398
956 1517 955 1517 955 1491 822 1491
813 1608 876 1608 876 1459 877 1459
854 1437 797 1437 797 1537 759 1537
1242 742 1241 742 1241 784 1165 784
1021 786 1024 786 1024 806 1205 806
1135 675 1134 675 1134 635 1019 635
1124 798 1125 798 1125 695 1168 695
1191 681 1191 696 1157 696 1157 854
1251 696 1250 696 1250 791 1059 791
1106 1102 1085 1102 1085 1022 1011 1022
1191 963 1190 963 1190 976 1148 976
1138 970 1139 970 1139 953 1219 953
1026 1110 1034 1110 1034 940 1214 940
1033 1106 1032 1106 1032 942 1022 942
1118 944 1118 977 1179 977 1179 1024
1109 1177 1155 1177 1155 1217 1220 1217
1069 1181 1069 1181 1069 1358 1073 1358
1153 1187 1153 1208 1025 1208 1025 1236
1144 1293 1083 1293 1083 1316 1071 1316
1125 1311 1240 1311 1240 1177 1248 1177
1045 1176 1046 1176 1046 1235 1168 1235
1165 1573 1176 1573 1176 1382 1191 1382
1024 1377 1024 1547 1106 1547 1106 1552
1069 1512 1070 1512 1070 1458 1091 1458
1034 1444 1035 1444 1035 1528 1120 1528
1224 1413 1221 1413 1221 1563 1114 1563
1159 1405 1160 1405 1160 1443 1161 1443
639 865 639 864 619 864 619 849
557 858 475 858 475 860 428 860
381 852 382 852 382 867 495 867
263 867 305 867 305 844 669 844
575 844 575 845 440 845 440 855
585 1107 585 1113 438 1113 438 1125
670 1102 337 1102 337 1108 316 1108
372 1124 390 1124 390 1121 631 1121
506 1106 586 1106 586 1110 613 1110
724 1123 723 1123 723 1118 712 1118
377 1369 432 1369 432 1373 661 1373
529 1372 556 1372 556 1363 557 1363
666 1363 666 1364 490 1364 490 1370
436 1362 376 1362 376 1372 265 1372
745 1361 729 1374 454 1381
782 852 783 852 783 858 946 858
584 854 585 854 585 869 987 869
638 865 696 865 696 848 807 848
635 868 697 868 697 861 753 861
880 856 881 856 881 847 998 847
566 1105 815 1105 815 1111 933 1111
992 1102 944 1102 944 1109 840 1109
965 1106 964 1106 964 1109 945 1109
742 1120 742 1104 677 1104 677 1101
640 1119 641 1119 641 1106 737 1106
832 1362 832 1363 801 1363 801 1369
527 1363 527 1362 999 1362 999 1360
653 1357 652 1357 652 1372 610 1372
756 1356 811 1356 811 1371 873 1371
655 1360 874 1360 874 1371 968 1371
1229 868 1228 868 1228 862 808 862
1113 847 1112 847 1112 857 791 857
760 855 760 863 1223 863 1223 864
820 865 887 865 887 864
1179 868 1180 868 1180 866 1184 866
1070 1101 1039 1101 1039 1122 832 1122
1144 1110 1143 1110 1143 1123 1102 1123
908 1115 909 1115 909 1113 1122 1113
1256 1119 1255 1119 1255 1109 1233 1109
1179 1100 1178 1100 1178 1106 1161 1106
897 1371 897 1370 1017 1370 1017 1365
879 1376 1018 1376 1018 1359 1147 1359
810 1380 1019 1380 1019 1369 1082 1369
1222 1371 1222 1368 877 1368 877 1365
1138 1357 998 1357 998 1361 977 1361
491 779 490 779 490 718 485 718
487 999 488 999 488 1079
493 714 492 714 492 991 488 991
492 1100 497 1100 497 661 499 661
493 1035 491 1035 491 831 485 831
499 1105 500 1105 500 1132
494 967 493 967 493 1089 490 1089
500 1046 499 1046 499 905 497 905
505 1232 501 1232 501 1101 492 1101
501 1252 504 1252 504 913 506 913
490 1489 491 1489 491 1150 495 1150
505 1147 505 1253 504 1253 504 1444
496 1165 498 1165 498 1586
491 1120 493 1120 493 1606 504 1606
500 1145 490 1145 490 1363 488 1363
748 648 749 648 749 621 763 621
744 836 744 769 751 769 751 651
745 693 747 693 747 604 751 604
752 1071 752 976 749 976 749 770
745 617 754 617 754 1083 764 1083
747 1171 747 1208 765 1208 765 1279
745 1065 746 1065 746 1300 757 1300
755 1174 752 1174 752 1134 751 1134
746 1141 745 1141 745 1065
741 1051 741 1053 743 1053 743 1255
754 1308 753 1308 753 1315
764 1431 763 1431 763 1213 759 1213
742 1444 743 1444 743 1578 764 1578
759 1128 760 1128 760 1567 761 1567
754 1561 753 1561 753 1472 749 1472
999 658 1000 658 1000 652 1003 652
1002 983 999 983 999 627 997 627
1006 948 1007 948 1007 1042 1009 1042
1003 685 1004 685 1004 626 1010 626
1020 844 1018 844 1018 686
998 1353 1000 1353 1000 993
1018 1163 1014 1163 1014 1168 1003 1168
1002 1365 1002 1359 997 1359 997 885
1008 1018 1012 1018 1012 1179 1017 1179
1012 1314 1011 1314 1011 858 1010 858
1022 1222 1022 1497 1011 1497 1011 1593
1009 1201 1016 1201 1016 1509
1020 1499 1019 1499 1019 1609 1018 1609
1015 1289 1014 1289 1014 1610 1010 1610
1009 1300 1010 1300 1010 1223 1012 1223
728 686 720 686 720 1428 645 1428
1072 1089 1072 1114 305 1114 305 1214
765 1207 766 1207 766 1159 926 1159
507 622 507 622 507 1013 504 1013
350 1000 419 1000 419 812 445 812
451 1513 447 1513 447 1070 446 1070
805 774 805 1399 964 1399 964 1465
1009 957 1009 1099 274 1099 274 1152
704 1228 448 1228 448 737 336 737
515 685 502 685 502 1333 356 1333
1149 1046 674 1046 674 1000 510 1000
251 1622 659 1622 659 879 668 879
750 1302 804 1082 966 859
541 1339 540 1339 540 866 528 866
1204 1576 1023 1576 1023 1094 841 1094
1026 1583 1041 1583 1041 1502 1162 1502
608 1137 725 1137 725 1422 762 1422
815 1260 1030 1260 1030 1227 1239 1227
1069 1137 1069 1156 1221 1156 1221 1217
677 806 519 806 519 636 444 636
554 1516 554 1125 1119 1125 1119 711
325 1373 324 1373 324 1487 243 1487
1139 1210 1070 1210 1070 1373 1052 1373
317 833 317 810 781 810 781 744
311 879 1228 879 1228 1051 1252 1051
896 1074 498 1074 498 788 308 788
1191 745 1050 745 1050 646 814 646
932 663 972 663 972 789 990 789
818 933 515 933 515 662 444 662
610 621 589 621 589 876 581 876
1033 693 1033 1021 1198 1021 1198 1077
1148 988 1155 988 1155 1009 1184 1009
648 973 466 973 466 847 429 847
473 636 473 638 602 638 602 676
389 900 389 998 294 998 294 1027
485 1084 470 1084 470 660 468 660
648 872 621 872 621 948 602 948
485 1044 485 941 495 941 495 607
559 858 559 859 476 859 476 996
445 1030 639 1030 639 1035 699 1035
486 873 483 873 483 1046 472 1046
565 1042 565 1012 655 1012 655 1011
255 1013 431 1013 431 891
628 878 526 878 526 1013 514 1013
673 1088 674 1088 674 859 683 859
721 1066 721 1038 739 1038 739 1033
706 937 702 937 702 873 701 873
550 928 700 928 700 955 744 955
740 1090 740 927 641 927 641 876
674 930 676 930 676 1065 678 1065
699 929 698 929 698 989 683 989
729 1009 729 1008 751 1008 751 977
741 978 673 978 673 982 666 982
646 1057 698 1057 698 1027
708 1065 695 1065 695 1094 673 1094
746 1012 661 1012 661 1023 656 1023
696 1102 742 1102 742 1009 750 1009
696 1091 724 1091 724 1039
651 1003 703 1003 703 1030 731 1030
739 1027 739 1027 739 1040 665 1040
626 1013 627 1013 627 1017 645 1017
736 1037 701 1037 701 1029 665 1029
703 1034 702 1034 702 1017 683 1017
717 1017 718 1017 718 1026 736 1026
636 1038 640 1038 640 1042 704 1042
652 1037 653 1037 653 1038 675 1038
638 1039 638 1042 635 1042
737 1019 737 1030 703 1030 703 1033
659 1034 658 1034 658 1025 644 1025
664 1022 662 1022 662 1043 649 1043
686 1017 686 1018 647 1018 647 1035
689 1028 664 1028 664 1032 642 1032
663 1033 684 1033 684 1042
643 1031 642 1031 642 1032
638 1046 637 1046 637 1047
647 1043 631 1043 631 1031 629 1031
634 1024 631 1024 631 1030
657 1041 646 1041 646 1034 640 1034
638 1027 639 1027 639 1023 641 1023
630 1048 630 1046 629 1046 629 1028
633 1041 630 1041 630 1024 628 1024
637 1047 637 1046 632 1046 632 1031
638 1034 636 1034 636 1042 633 1042
636 1040 639 1040 639 1046 641 1046
629 1045 634 1045 634 1035 638 1035
636 1048 628 1048 628 1043 627 1043
633 1034 633 1036 641 1036 641 1038
627 1038 627 1047 639 1047 639 1048
