8192 8192
1181
1767 2023 1767 323 1657 323 1657 287
1477 1993 1506 1993 1506 23 1671 23
1629 1957 1618 1957 1618 616 653 616
1906 1885 1584 1885 1584 1367 1125 1367
532 653 795 653 795 857 1436 857
1571 227 1571 246 1992 246 1992 499
1331 501 1330 501 1330 1294 1166 1294
771 2037 1177 2037 1177 1916 2002 1916
110 1321 111 1321 111 600 1955 600
1982 393 1981 393 1981 1684 1786 1684
83 1342 1104 1342 1104 1263 1178 1263
1004 1171 1102 1171 1102 1361 1155 1361
238 1104 443 1104 443 706 805 706
943 2019 81 2019 81 1053 19 1053
1278 1931 1278 1736 367 1736 367 1392
99 126 100 126 100 1581 1114 1581
1502 1365 1101 1365 1101 1190 877 1190
1619 1673 1873 1673 1873 1542 1949 1542
1426 473 1426 1362 1150 1362 1150 2037
1821 985 1765 985 1765 1720 1740 1720
160 710 159 710 159 278 91 278
119 770 161 770 161 142 1704 142
1993 1433 1993 141 1444 141 1444 123
1584 524 1583 524 1583 1488 1189 1488
1621 351 983 351 983 1091 964 1091
1084 919 1085 919 1085 498 1395 498
1400 1113 1399 1113 1399 333 1244 333
1650 1388 1650 332 1149 332 1149 200
242 923 764 923 764 1518 1084 1518
752 365 854 365 854 839 917 839
2004 1947 82 1947 82 1032 77 1032
973 167 973 325 1657 325 1657 682
1297 1869 872 1869 872 1798 104 1798
1571 76 1705 76 1705 1231 1709 1231
1734 857 1766 857 1766 1322 1824 1322
1370 581 1370 424 377 424 377 413
1815 898 1822 898 1822 1052 2036 1052
526 1652 706 1652 706 324 1753 324
885 2118 1229 2118 1229 3661 1355 3661
1077 3178 1076 3178 1076 2125 496 2125
1995 2370 1996 2370 1996 3437 2009 3437
1744 2396 1338 2396 1338 2756 1281 2756
139 3495 139 3456 1901 3456 1901 3369
1479 2105 733 2105 733 3601 705 3601
734 2202 1230 2202 1230 2872 1480 2872
1994 2140 1188 2140 1188 4080 1182 4080
768 3853 1940 3853 1940 3017 1950 3017
1808 3152 1939 3152 1939 2875 2019 2875
639 3373 1190 3373 1190 2548 1228 2548
992 3275 992 3290 437 3290 437 3308
320 2630 1192 2630 1192 2716 1708 2716
1523 3574 1172 3574 1172 2790 791 2790
899 3783 806 3783 806 3000 781 3000
445 3101 446 3101 446 2876 915 2876
1209 3396 1208 3396 1208 2166 1206 2166
777 3594 271 3594 271 3060 224 3060
898 2563 899 2563 899 2341 939 2341
1126 3662 919 3662 919 3503 811 3503
991 3256 991 2660 767 2660 767 2058
1887 2249 1845 2249 1845 4017 449 4017
689 2094 490 2094 490 4033 456 4033
1819 3517 1818 3517 1818 3457 881 3457
384 3165 384 2787 2015 2787 2015 2726
295 3724 296 3724 296 2661 869 2661
1346 2878 166 2878 166 3102 21 3102
687 4029 1231 4029 1231 2203 1396 2203
136 3304 137 3304 137 3444 538 3444
2032 3405 2031 3405 2031 3695 807 3695
1187 2460 1186 2460 1186 3624 920 3624
1189 2788 1187 2788 1187 3251 758 3251
1361 2558 1524 2558 1524 3982 1600 3982
331 3375 332 3375 332 3367 694 3367
100 2632 1174 2632 1174 3007 1415 3007
1192 2354 1191 2354 1191 3765 1006 3765
842 2248 843 2248 843 2116 1211 2116
1360 3531 1360 3530 1804 3530 1804 3244
1775 4530 1774 4530 1774 5389 1153 5389
1662 5413 1847 5413 1847 4678 1964 4678
484 4864 484 5076 1993 5076 1993 5134
1550 4098 1549 4098 1549 5580 1272 5580
1330 4399 1330 4400 68 4400 68 4638
193 6034 909 6034 909 5855 1834 5855
159 5160 160 5160 160 4527 1985 4527
64 5272 161 5272 161 5098 1744 5098
999 5116 1014 5116 1014 5779 1892 5779
1389 5241 1152 5241 1152 5577 599 5577
465 5131 1015 5131 1015 5584 1638 5584
165 4450 382 4450 382 5109 1438 5109
1170 4802 1171 4802 1171 5075 1297 5075
1324 4327 1415 4327 1415 5974 1622 5974
123 5985 63 5985 63 5086 52 5086
947 5640 791 5640 791 5302 631 5302
597 5124 1390 5124 1390 5274 1742 5274
365 5040 366 5040 366 5779 711 5779
1573 5663 570 5663 570 5757 309 5757
1853 5374 1853 5976 1382 5976 1382 6119
320 4884 319 4884 319 4636 106 4636
1077 4502 1058 4791 1033 5554
1732 4440 503 4440 503 4586 387 4586
1322 5831 1322 5828 276 5828 276 5159
362 4456 326 4456 326 5926 44 5926
1439 4691 1438 4691 1438 4105 845 4105
1983 5164 1982 5164 1982 4670 1810 4670
9 4138 9 4639 186 4639 186 5589
1323 4553 1057 4553 1057 4831 1050 4831
1056 4834 1815 4857 2026 5164
1846 5380 1608 5380 1608 5086 861 5086
1263 4399 1262 4399 1262 4324 405 4324
110 5557 111 5557 111 5476 115 5476
1303 4856 1303 4329 32 4329 32 4174
1250 5171 1129 5171 1129 6026 101 6026
1836 7539 1836 7219 448 7219 448 6424
179 7859 178 7859 178 8115 90 8115
1555 7032 1556 7032 1556 7052 2047 7052
274 6770 275 6770 275 7576 1718 7576
1406 6914 1406 7264 894 7264 894 7456
152 6882 153 6882 153 6404 1993 6404
1213 7655 1837 7655 1837 7369 1912 7369
805 7794 929 7794 929 7934 1541 7934
531 7090 570 7090 570 6187 1298 6187
1512 7794 1212 7794 1212 6563 1204 6563
1597 6815 617 6815 617 6906 62 6906
1975 6562 1974 6562 1974 7843 1078 7843
1882 6990 1766 6990 1766 7595 303 7595
1466 7496 1466 7495 384 7495 384 6481
1448 6242 1037 6242 1037 6664 783 6664
719 7220 720 7220 720 7263 1030 7263
349 6764 273 6764 273 8151 269 8151
1961 7513 1961 7494 166 7494 166 7239
1311 7358 1036 7358 1036 6255 770 6255
34 6578 34 7496 612 7496 612 7513
397 7780 613 7780 613 6645 761 6645
708 6884 618 6884 618 8015 187 8015
1768 6591 1765 6591 1765 7308 1515 7308
1238 7615 1467 7615 1467 7221 1470 7221
410 7158 1452 7158 1452 7000 2027 7000
1308 6372 1308 6466 1977 6466 1977 7018
1489 6645 1936 6645 1936 7380 1961 7380
1302 7996 264 7996 264 7115 170 7115
640 6488 859 6488 859 6570 867 6570
1450 7102 1307 7102 1307 6438 1161 6438
1938 6616 1937 6616 1937 7659 1427 7659
145 6931 1454 6931 1454 6752 1867 6752
408 7805 682 7805 682 7657 713 7657
1779 7950 1778 7950 1778 8016 901 8016
969 6593 970 6593 970 7821 1798 7821
3335 1406 3335 1317 2764 1317 2764 1124
3108 1636 3109 1636 3109 1510 3140 1510
3539 1751 3437 1751 3437 1684 3168 1684
2758 1062 3948 1062 3948 713 3984 713
3827 1554 3826 1554 3826 1462 3486 1462
2172 1393 2173 1393 2173 459 2315 459
2294 0 2539 0 2539 1763 2629 1763
3535 449 3528 449 3528 1265 3142 1265
3645 1225 3644 1225 3644 686 3551 686
2705 1129 2706 1129 2706 724 3207 724
2747 1253 2704 1253 2704 278 2597 278
2164 1643 3725 1643 3725 1576 3814 1576
3752 741 2757 741 2757 1503 2229 1503
2441 890 2440 890 2440 962 2216 962
3869 22 3830 22 3830 1981 3049 1981
3585 197 2596 197 2596 1168 2550 1168
2690 20 3586 20 3586 312 3635 312
2326 1737 2327 1737 2327 1594 2538 1594
2115 935 2116 935 2116 1877 2629 1877
3910 1669 3909 1669 3909 175 2947 175
3087 1887 3086 1887 3086 1812 2527 1812
4079 1249 4078 1249 4078 600 3529 600
3192 542 3127 542 3127 276 2191 276
2942 513 2128 513 2128 1824 2121 1824
2447 1828 2448 1828 2448 117 3465 117
2902 153 2806 153 2806 182 2796 182
2252 1059 2298 1059 2298 1915 3390 1915
2129 1595 3646 1595 3646 1084 3874 1084
3271 1430 3270 1430 3270 481 3128 481
3832 1477 3949 1477 3949 216 3983 216
3043 664 3645 664 3645 695 3799 695
3521 685 2630 685 2630 1482 2327 1482
2968 1576 2967 1576 2967 1318 2951 1318
2121 524 2161 524 2161 1561 3174 1561
3090 719 3448 719 3448 1587 3520 1587
2652 4041 3010 4041 3010 2372 3885 2372
3866 2605 3172 2605 3172 3325 2791 3325
2478 2480 2465 2480 2465 3877 2399 3877
3796 2827 3796 2938 3352 2938 3352 3319
3826 2334 3825 2334 3825 3465 3742 3465
2843 3764 2867 3764 2867 3574 2878 3574
2068 3691 2104 3691 2104 2562 3435 2562
3995 3827 3883 3448 2618 2356
3669 3038 3354 3038 3354 3722 2538 3722
3354 2351 3339 2351 3339 2468 3116 2468
2970 2133 2970 2167 2285 2167 2285 3629
2088 3396 2282 3396 2282 2166 2775 2166
2520 2336 2971 2336 2971 2119 3062 2119
3274 3298 3274 2811 2291 2811 2291 2691
2866 3642 2271 3642 2271 2168 2100 2168
2376 2274 2376 3438 3042 3438 3042 3522
3216 2626 3275 2626 3275 3526 3674 3526
3652 3542 3356 3542 3356 3929 3228 3929
3883 3991 3215 3991 3215 2578 2466 2578
3209 2890 3202 2890 3202 3437 2755 3437
3290 3948 2907 3948 2907 3449 2581 3449
3173 2711 3174 2711 3174 2642 3692 2642
3338 2455 3115 2455 3115 2516 2479 2516
2544 3206 2543 3206 2543 3219 2272 3219
2756 3893 3353 3893 3353 2983 3967 2983
2819 3782 2537 3782 2537 3615 2386 3615
2284 4093 2333 4016 2335 3746
2362 3820 2362 3745 2217 3745 2217 2319
3613 3221 3675 3221 3675 3625 3753 3625
2391 2207 3277 2207 3277 2935 3694 2935
3147 3221 2820 3221 2820 2812 2235 2812
3203 3038 3203 3438 3127 3438 3127 3958
3861 2512 3860 2512 3860 2766 3522 2766
4052 4068 4052 3525 3613 3525 3613 3436
3739 2428 3342 3127 3235 4010
3138 5666 2722 5666 2722 4653 2599 4653
4017 4854 3982 4854 3982 5848 2855 5848
2343 5025 3219 5025 3219 5317 3547 5317
3824 4227 3823 4227 3823 4229 2745 4229
2856 5525 2856 5040 2103 5040 2103 4606
3211 5094 3212 5094 3212 5658 3834 5658
2395 4617 2707 4617 2707 5716 3495 5716
2928 5344 2928 5583 2217 5583 2217 5935
2126 5062 2318 5062 2318 5181 2363 5181
2870 4498 3022 4498 3022 5609 3114 5609
2147 5188 2147 4227 3229 4227 3229 4155
2857 5198 2857 5093 3794 5093 3794 4686
2729 5951 2729 5847 3602 5847 3602 4592
2931 4476 2930 4476 2930 5628 2840 5628
3151 4882 3150 4882 3150 4604 2104 4604
2789 5483 3382 5483 3382 4344 4070 4344
3795 5373 3648 5373 3648 5593 3604 5593
4078 4643 4078 4223 2244 4223 2244 4135
2701 4999 2704 4999 2704 5805 3368 5805
2063 5343 2064 5343 2064 5766 3333 5766
3123 4111 3239 4111 3239 4152 3352 4152
3306 6110 2585 6057 2375 5905
2078 5018 2079 5018 2079 5375 2500 5375
3377 5729 3376 5729 3376 5698 3325 5698
3853 5330 3603 5330 3603 5785 3197 5785
2618 5767 3601 5767 3601 5218 4017 5218
2199 4533 2199 4228 3238 4228 3238 4119
2619 4401 2394 4401 2394 5034 2354 5034
3046 5187 3046 4305 2556 4305 2556 4102
2595 4616 2620 4616 2620 4256 3606 4256
3670 4471 2393 4471 2393 4710 2362 4710
2633 5908 2634 5908 2634 5215 2639 5215
2385 6007 2730 6007 2730 5908 3048 5908
2706 5051 2706 5039 2247 5039 2247 4772
4002 8099 4003 8099 4003 8112 4076 8112
2658 6412 3823 6412 3823 7571 3884 7571
2356 7782 2356 7591 3030 7591 3030 7497
2849 7554 2596 7554 2596 6527 2434 6527
4005 6537 4005 6586 2107 6586 2107 6721
2167 7835 3559 7835 3559 6512 3716 6512
2981 6328 3123 6364 3248 7571
2576 7700 3249 7700 3249 7550 3295 7550
2597 7305 2597 7184 3118 7184 3118 6893
2200 7303 2164 7303 2164 7068 2084 7068
2337 7246 2338 7246 2338 7894 2963 7894
3013 6179 2869 6179 2869 7057 2837 7057
3819 7685 3897 7685 3897 7153 3947 7153
3123 6363 4006 6363 4006 6739 4013 6739
2510 8087 2163 8087 2163 6751 2114 6751
3061 7475 3594 7475 3594 6876 3959 6876
3231 6605 2908 6605 2908 7180 2171 7180
2294 7464 2294 7485 3552 7485 3552 7514
2909 6686 2909 7181 2566 7181 2566 7907
3512 8130 2162 8130 2162 7957 2049 7957
2602 6897 2740 6897 2740 7161 2907 7161
2165 8142 3513 8142 3513 7928 3611 7928
2348 7945 2348 7925 3915 7925 3915 7296
3309 6930 3308 6930 3308 6851 2870 6851
3995 7694 3818 7694 3818 7539 3543 7539
3924 7159 3923 7159 3923 6699 3571 6699
3975 6413 3974 6413 3974 7958 2457 7958
3917 8001 2565 8001 2565 7592 2563 7592
3474 7990 3474 7927 3790 7927 3790 6174
3054 7190 3417 7190 3417 7959 3419 7959
2339 7099 4041 7099 4041 6497 4049 6497
2699 6155 3461 6155 3461 6585 3513 6585
2969 6745 3016 6745 3016 7953 3065 7953
6049 1708 5965 1708 5965 1223 5163 1223
4619 361 5967 361 5967 1412 6062 1412
4900 906 5042 906 5042 1594 5271 1594
4945 808 4899 808 4899 1603 4592 1603
5259 352 5531 352 5531 2026
4957 14 5396 14 5396 1927 5424 1927
4602 1032 4602 103 5264 103 5264 28
4512 1112 4222 1112 4222 1705 4117 1705
4306 1056 4307 1056 4307 427 4376 427
4381 1510 4382 1510 4382 1268 6101 1268
5858 26 5858 1148 5956 1148 5956 1846
4725 355 5049 355 5049 1378 5640 1378
4257 587 4258 587 4258 172 5262 172
5707 1639 5706 1639 5706 1864 4996 1864
4305 946 4570 946 4570 1324 4959 1324
5048 455 5047 455 5047 1656 4764 1656
5041 1423 4569 1423 4569 1075 4225 1075
5966 720 5579 720 5579 387 5404 387
6091 1696 5966 1696 5966 1147 5922 1147
4464 618 4304 618 4304 950 4242 950
5439 2022 4224 2022 4224 491 4207 491
4159 1326 4160 1326 4160 350 5081 350
4752 1725 4752 1655 5028 1655 5028 1380
4422 1361 4501 1361 4501 1892 4647 1892
4714 104 5082 104 5082 932 5206 932
5395 1246 5395 1243 4721 1243 4721 557
5431 393 5289 393 5289 1022 4942 1022
4893 166 4892 166 4892 1232 4847 1232
4444 770 4444 1057 4213 1057 4213 1537
5371 242 4618 242 4618 641 4573 641
5935 1237 5081 1237 5081 316 4461 316
4500 1738 4499 1738 4499 1683 4386 1683
4444 1452 4385 1452 4385 1811 4274 1811
5423 184 5423 243 5230 243 5230 766
5857 1272 5830 1272 5830 1667 5751 1667
5618 413 5617 413 5617 277 5524 277
4885 1933 4886 1933 4886 1949 5049 1949
4206 1203 4206 1074 4521 1074 4521 854
4562 2665 4804 2665 4804 3791 4906 3791
4773 3102 5318 3102 5318 2763 5575 2763
5336 2240 4950 2240 4950 2257 4798 2257
4432 3790 4432 2952 4805 2952 4805 2660
5958 3852 5755 3852 5755 2250 4920 2250
5514 2650 4561 2650 4561 2759 4315 2759
5438 3484 5438 3868 4410 3868 4410 4033
4225 4081 4225 2951 4540 2951 4540 2587
5212 3817 5346 3817 5346 3325 6117 3325
4996 4038 4396 4038 4396 2374 4330 2374
5581 3266 5581 3894 5257 3894 5257 3996
5429 2713 5418 2713 5418 3267 5354 3267
5010 3511 4404 3511 4404 2532 4401 2532
4099 3449 4364 3449 4364 3754 5559 3754
5272 2610 5432 2610 5432 2526 6015 2526
4978 2317 5353 2317 5353 3163 5381 3163
5963 3064 5754 3064 5754 2790 4994 2790
6074 3164 6069 3164 6069 3917 5355 3917
4741 3290 4741 3203 5304 3203 5304 2386
4365 2758 4398 2758 4398 3858 5814 3858
4918 3852 5305 3852 5305 2681 5422 2681
5249 2583 5248 2583 5248 3190 4582 3190
5346 2481 5345 2481 5345 3752 4483 3752
5256 3742 4501 3742 4501 2953 4490 2953
5225 3893 5573 3893 5573 3718 5670 3718
4578 2469 4818 2469 4818 2939 4848 2939
6046 2254 6045 2254 6045 2369 5779 2369
4102 2580 4401 2580 4401 3272 4690 3272
5547 2338 4314 2338 4314 2759 4227 2759
4470 3257 4470 3855 5967 3855 5967 3953
5665 3482 5774 3482 5774 3106 5964 3106
4308 3119 4378 3119 4378 3822 4825 3822
5446 2570 5515 2570 5515 3211 5559 3211
4124 2783 4278 2783 4278 2087 4763 2087
5009 2956 5176 3164 5460 3347
5183 3866 5182 3866 5182 2233 5171 2233
4802 3076 4577 3076 4577 2238 4365 2238
4124 5404 4125 5404 4125 4637 4485 4637
5671 4995 5489 4995 5489 4264 5420 4264
4873 4168 5131 4168 5131 5232 5372 5232
4463 4326 5383 4326 5383 4887 5403 4887
4503 4952 4503 5084 5447 5084 5447 5330
6111 5809 6111 5795 4122 5795 4122 4570
5384 6039 5704 6039 5704 5915 6095 5915
5304 6075 5509 6075 5509 4428 5564 4428
4750 4473 4750 4717 4606 4717 4606 4950
5910 4327 4728 4327 4728 4664 4165 4664
4362 4513 4362 4240 5625 4240 5625 4233
4121 4876 4121 4487 4636 4487 4636 4437
4714 4100 4714 4102 5604 4102 5604 4145
5857 5088 5856 5088 5856 5143 5643 5143
4321 5296 4322 5296 4322 5335 5014 5335
4398 5696 4800 5690 5988 4999
5456 5707 5339 5707 5339 4556 5013 4556
5308 5786 4151 5786 4151 4559 4102 4559
4322 5587 4322 5561 5196 5561 5196 4443
5972 4186 5972 5144 5545 5144 5545 5615
4177 5715 4177 4716 4729 4716 4729 4389
4211 5136 4211 5140 5336 5140 5336 5413
4630 6077 4867 6077 4867 4718 4930 4718
5467 4294 5468 4294 5468 5662 5738 5662
4824 4520 4825 4520 4825 4112 5287 4112
5215 5778 5224 5778 5224 5213 5225 5213
4872 4292 5253 4292 5253 5242 5303 5242
5016 5982 4879 5982 4879 4380 4865 4380
5190 6027 5448 6027 5448 4233 5638 4233
4404 4519 4404 5663 5535 5663 5535 5774
5205 4651 5205 5530 4193 5530 4193 5581
4610 5565 4610 5661 6026 5661 6026 5682
4632 4260 5449 4260 5449 5904 5702 5904
4476 4682 5148 4682 5148 5083 5815 5083
5853 6355 5012 6355 5012 7513 4619 7513
5596 7442 5641 7442 5641 7618 5838 7618
5410 6213 4429 6213 4429 7876 4189 7876
5891 6284 5864 6284 5864 7055 4800 7055
4523 7757 5013 7757 5013 6674 5465 6674
4775 7946 5551 7946 5551 7448 5770 7448
5032 7451 5109 7451 5109 7622 6098 7622
4640 7516 4641 7516 4641 6340 4876 6340
5997 8088 5997 7447 5677 7447 5677 6645
4765 6998 4766 6998 4766 7542 4868 7542
5550 7892 4912 7892 4912 7644 4896 7644
4167 7324 4322 7324 4322 6311 5044 6311
4430 6513 5492 6513 5492 8095 5894 8095
6030 7435 6029 7435 6029 6416 5805 6416
4653 6212 4522 6212 4522 6362 4488 6362
4756 8099 5023 8099 5023 7205 5498 7205
5271 6808 5166 6808 5166 6559 4854 6559
4578 6965 4522 6965 4522 7827 4499 7827
5376 6788 5375 6788 5375 6291 4370 6291
4242 7408 4323 7408 4323 6565 4867 6565
5472 7426 5530 7426 5530 7166 6017 7166
5282 7616 5282 7441 6142 7441 6142 7193
5143 8170 5865 8170 5865 6395 5886 6395
5367 6148 5367 6152 6115 6152 6115 6203
5963 6811 5962 6811 5962 6629 5167 6629
5466 6436 5493 6436 5493 6784 5644 6784
4552 6697 4618 6697 4618 7579 5108 7579
5388 7898 4617 7898 4617 7051 4588 7051
5968 6180 5968 7427 5327 7427 5327 7545
4858 7889 4857 7889 4857 8108 4787 8108
4845 8149 6031 8149 6031 7100 6043 7100
4913 7878 4982 7878 4982 6303 5093 6303
4523 6310 5045 6310 5045 6846 5477 6846
5664 7097 5481 7097 5481 7087 5292 7087
4698 7154 4697 7154 4697 6350 4658 6350
5013 7512 5014 7512 5014 7079 5089 7079
5061 7145 5090 7145 5090 7020 5362 7020
4927 6177 4331 6177 4331 7174 4330 7174
6425 400 6482 400 6482 1021 6576 1021
7000 514 6602 514 6602 1879 6554 1879
6989 1608 6601 1608 6601 134 6190 134
7649 433 7648 433 7648 1689 7098 1689
6502 1880 6501 1880 6501 1100 6451 1100
6504 157 6577 157 6577 1301 6700 1301
6843 2014 8062 2014 8062 1186 8106 1186
6414 1709 6415 1709 6415 1757 7853 1757
6775 1789 6776 1789 6776 106 7519 106
7247 931 7224 931 7224 1389 7220 1389
7898 716 7897 716 7897 631 6930 631
7494 786 6622 786 6622 186 6473 186
6606 502 6606 957 6969 957 6969 1430
7313 721 7285 721 7285 1374 7228 1374
7363 1852 7204 1852 7204 956 6897 956
7287 728 7286 728 7286 1626 7174 1626
6603 1095 6604 1095 6604 949 8131 949
7841 229 7738 229 7738 1911 6748 1911
7602 715 7535 715 7535 1685 6277 1685
7712 1907 7711 1907 7711 401 6952 401
8010 1945 8009 1945 8009 1253 7019 1253
7151 478 6244 478 6244 1298 6238 1298
7383 388 7796 388 7796 1529 7837 1529
6755 1862 6990 1862 6990 1192 7037 1192
8141 1413 8141 785 6623 785 6623 721
7602 135 7281 135 7281 585 6948 585
6978 984 6977 984 6977 1750 6726 1750
7393 1781 7393 1758 6245 1758 6245 775
6190 1674 6212 1674 6212 350 7519 350
6186 1799 6991 1799 6991 1400 7470 1400
8149 1523 8148 1523 8148 306 7282 306
7103 1759 7103 1881 6236 1881 6236 1991
7100 1317 7104 1317 7104 1849 7342 1849
8072 435 8072 479 6344 479 6344 698
8156 1465 8155 1465 8155 1783 7166 1783
7815 3465 7815 2886 6588 2886 6588 2672
6546 2490 6545 2490 6545 2391 6386 2391
7707 2896 7706 2896 7706 3120 6551 3120
7861 3829 7860 3829 7860 2620 7383 2620
6607 3391 7044 3391 7044 3963 8112 3963
6350 3139 6361 3139 6361 4054 6437 4054
7881 2191 7881 2562 6860 2562 6860 2950
6727 3975 6726 3975 6726 2306 6724 2306
7001 3145 7235 3145 7235 3193 7773 3193
7315 3572 7829 3572 7829 2716 7871 2716
7310 2485 8094 2485 8094 3123 8127 3123
6478 4047 6477 4047 6477 3758 6271 3758
8163 2068 8162 2068 8162 2181 8145 2181
6328 3564 6479 3564 6479 4087 7268 4087
6852 3153 6867 3153 6867 3801 7294 3801
6416 3563 6396 3563 6396 2673 6204 2673
8093 2795 8092 2795 8092 3889 6154 3889
6640 2887 7260 2887 7260 4011 8046 4011
7586 2949 7586 3113 6189 3113 6189 3490
7828 3475 7570 3475 7570 3014 7291 3014
7160 3720 7160 3571 7660 3571 7660 2664
7707 3970 7708 3350 7775 3195
7786 3261 7787 3261 7787 2185 7811 2185
6792 2462 7280 2462 7280 2515 7369 2515
7582 2445 7583 2445 7583 2180 8160 2180
7530 3112 7529 3112 7529 2192 6990 2192
6318 2309 6317 2309 6317 3715 6296 3715
6871 3990 6791 3990 6791 2179 6600 2179
6152 2351 6547 2351 6547 3784 6673 3784
6819 2726 6819 2855 8074 2855 8074 3737
7531 2861 7070 3347 7015 3502
6890 3298 6889 3298 6889 3236 6803 3236
7453 2898 7453 2930 6152 2930 6152 3962
6916 5395 6917 5395 6917 5275 7286 5275
7549 6135 7765 6135 7765 5580 7766 5580
8021 4755 7914 4755 7914 5623 6915 5623
7448 4787 7468 4787 7468 5294 7804 5294
7250 4498 6546 4498 6546 4112
7914 5586 7913 5586 7913 4782 7819 4782
7871 4676 7447 4676 7447 5219 6554 5219
8150 4572 7670 4572 7670 4308 7371 4308
8151 5624 8150 5624 8150 5948 6376 5948
7444 4126 7443 4126 7443 5913 6992 5913
7509 5311 7509 4449 7218 4449 7218 4263
6956 6024 7872 6024 7872 4337 7873 4337
8150 4626 8149 4626 8149 4174 7702 4174
7579 6060 7580 6060 7580 6044 7764 6044
7207 5820 7915 5820 7915 4970 8020 4970
7878 5491 6975 5491 6975 5554 6587 5554
7220 4424 7510 4424 7510 4577 7944 4577
6436 4132 6436 4187 7818 4187 7818 5113
6495 5679 6494 5679 6494 5165 6473 5165
6976 5523 6977 5523 6977 5710 7458 5710
6779 4588 6901 4588 6901 5247 7467 5247
8064 5149 8064 4587 6524 4587 6524 4549
7267 5424 7402 5424 7402 4104 7540 4104
6526 4884 6525 4884 6525 5465 6498 5465
7091 5781 7090 5781 7090 5903 6603 5903
6678 4365 6679 4365 6679 4415 6849 4415
7036 4158 7036 4175 8043 4175 8043 4647
8037 4480 7763 4480 7763 5972 6699 5972
6731 5398 6734 5398 6734 5747 6845 5747
7366 4640 7366 5160 6948 5160 6948 5794
6816 5997 7916 5997 7916 5198 8011 5198
7087 5851 6900 5851 6900 4717 6871 4717
7488 5870 7218 5709 7052 4623
6210 4706 6231 4706 6231 5763 7666 5763
6552 5360 6551 5360 6551 5569 6452 5569
7783 4493 7446 4493 7446 4898 7382 4898
7380 4752 7332 4857 7185 4935
7469 5165 7469 5190 8152 5190 8152 5608
7647 7209 7646 7209 7646 7607 6870 7607
7219 7954 7219 7829 7940 7829 7940 7753
6769 7603 7081 7603 7081 6800 7136 6800
7080 7293 6996 7293 6996 6855 6827 6855
6582 7033 7235 7033 7235 7823 7662 7823
6771 6642 6771 6992 6267 6992 6267 7743
6984 7078 6984 7046 6183 7046 6183 6695
7637 6633 7394 6633 7394 6297 6883 6297
7801 6916 7645 6916 7645 7210 7285 7210
7016 6513 6266 6513 6266 7872 6184 7872
6287 6329 6288 6329 6288 7851 7087 7851
7131 6787 7130 6787 7130 6186 7047 6186
6628 6437 6629 6437 6629 6991 6708 6991
7800 7316 7284 7316 7284 6362 6648 6362
7255 6985 7093 6985 7093 7393 6566 7393
6742 6890 6742 6591 6376 6591 6376 6277
7418 6473 7417 6473 7417 6294 7247 6294
7230 6974 7256 6974 7256 8105 8000 8105
7986 8053 7210 6799 7078 6316
6493 7127 6493 7608 7061 7608 7061 7787
6559 6152 6836 6164 6951 7020
8072 6176 8071 6176 8071 7830 7445 7830
6546 8119 8001 8119 8001 7934 8113 7934
7717 6163 7718 6163 7718 6621 7861 6621
6513 6416 6514 6416 6514 6511 6899 6511
6876 6301 6875 6301 6875 6323 6430 6323
7796 7570 7994 7570 7994 7048 8023 7048
7182 6671 7183 6671 7183 6885 7710 6885
7234 7581 7233 7581 7233 7430 7104 7430
6651 7654 6650 7654 6650 7964 6293 7964
6807 7550 6806 7550 6806 7047 6799 7047
7002 7045 7001 7045 7001 7322 6548 7322
7479 7390 7489 7390 7489 7451 7526 7451
7874 7035 7874 7032 6537 7032 6537 6592
7453 8125 7210 8125 7210 7655 7159 7655
7954 6320 7953 6320 7953 6577 7605 6577
1714 2116 1713 2116 1713 2102 1026 2102
1778 2026 2049 2026 2049 2110 2736 2110
1403 1949 1402 1949 1402 1998 1389 1998
2207 2062 2208 2062 2208 2143 2508 2143
977 2001 978 2001 978 2058 1672 2058
1119 4026 791 4026 791 4150 735 4150
1246 4149 1246 4106 216 4106 216 4031
2251 4125 2250 4125 2250 4126 1261 4126
2534 4189 2534 4091 3054 4091 3054 4069
2316 4017 2317 4017 2317 4046 4077 4046
3735 6076 2059 6076 2059 6216 675 6216
382 6170 1384 6170 1384 6058 3166 6058
630 6151 1383 6151 1383 6055 3361 6055
3214 6113 2585 6113 2585 6061 1785 6061
19 6218 19 6169 541 6169 541 6091
2887 1957 2888 1957 2888 1970 4322 1970
3463 1992 3463 2004 5764 2004 5764 2015
2546 2100 2547 2100 2547 2057 3318 2057
5543 2110 5529 2110 5529 2011 4000 2011
4162 1947 3296 1947 3296 2018 2158 2018
2794 4181 2794 4102 4608 4102 4608 4027
2303 4189 2303 4095 5118 4095 5118 4036
4678 4033 4715 4033 4715 4100 4728 4100
2859 4190 3147 4190 3147 4028 3665 4028
3962 4004 3963 4004 3963 4079 6068 4079
3172 6216 3172 6150 4921 6150 4921 6048
5506 6193 5505 6193 5505 6206 4715 6206
5516 6197 5517 6197 5517 6057 5565 6057
3695 6114 3696 6114 3696 6212 3736 6212
2277 6173 2278 6173 2278 6070 3714 6070
6969 2051 5530 2051 5530 2015 4693 2015
5633 2058 5633 2010 4709 2010 4709 1974
7184 1994 7183 1994 7183 2003 5368 2003
6382 2053 6381 2053 6381 2142 6094 2142
7737 2004 7737 1993 4882 1993 4882 1976
6875 4102 7169 4102 7169 4000 7254 4000
4781 4121 5368 4121 5368 4196 5407 4196
4949 4101 6770 4101 6770 4046 7030 4046
7997 4122 7996 4122 7996 4146 7910 4146
4243 4113 4243 4099 5464 4099 5464 4021
6514 6193 6257 6193 6257 6079 5769 6079
7187 6176 6141 6176 6141 6208 4909 6208
6142 6208 6604 6208 6604 6079 6921 6079
4408 6114 4409 6114 4409 6085 7798 6085
5020 6066 5019 6066 5019 6163 4450 6163
2055 2937 2054 2937 2054 3869 2047 3869
2014 3985 2033 3985 2033 1521 2067 1521
1999 425 2005 425 2005 2375 2032 2375
2099 862 2098 862 2098 813 2077 813
2147 2049 2114 2049 2114 434 2025 434
2001 2998 2002 2998 2002 3356 2103 3356
1961 2129 1962 2129 1962 5868 1964 5868
1992 4046 1991 4046 1991 3161 1946 3161
2103 4411 2060 4411 2060 5545 2045 5545
2144 5924 2143 5924 2143 5480 2079 5480
2032 5848 2026 5848 2026 4441 2013 4441
2004 4612 1987 4612 1987 7854 1955 7854
2008 5947 2033 5947 2033 5772 2137 5772
2140 4290 2097 4412 2095 6531
2097 7002 2062 7002 2062 4997 2061 4997
4120 128 4121 128 4121 1678 4173 1678
4012 2946 4080 2946 4080 500 4139 500
4089 2747 4088 2747 4088 3641 4053 3641
4063 1930 4063 2431 4038 2431 4038 3696
4093 2606 4082 2606 4082 2197 4056 2197
4050 3321 4152 3321 4152 5602 4197 5602
4066 4955 4067 4955 4067 5187 4141 5187
4019 3210 4019 5377 4033 5377 4033 5961
4172 5277 4172 4715 4191 4715 4191 3215
4083 2625 4082 2625 4082 3026 4043 3026
4138 7693 4137 7693 4137 8020 4121 8020
4138 8179 4101 8179 4101 6153 4044 6153
4195 6618 4144 6618 4144 4640 4135 4640
4065 7116 4148 7116 4148 6376 4169 6376
4035 4329 4034 4329 4034 6717 4027 6717
6174 992 6151 992 6151 2707 6123 2707
6077 3357 6119 3357 6119 3223 6238 3223
6126 4008 6140 4008 6140 395 6211 395
6050 1386 6063 1386 6063 1665 6097 1665
6232 1540 6232 1709 6048 1709 6048 3030
6151 4650 6150 4650 6150 5144 6064 5144
6177 4006 6177 5145 6121 5145 6121 5381
6059 2685 6059 2708 6138 2708 6138 3923
6229 4259 6229 3941 6163 3941 6163 3205
6230 3324 6230 4260 6229 4260 6229 4768
6161 6717 6178 6717 6178 4113 6187 4113
6098 6557 6061 6557 6061 4514 6052 4514
6243 6397 6243 7277 6183 7277 6183 8105
6062 5453 6116 5453 6116 7066 6173 7066
6230 7276 6229 7276 6229 5549 6228 5549
5483 3024 3318 3024 3318 3614 2908 3614
1797 245 2386 245 2386 3437 5486 3437
937 6767 1883 6767 1883 7020 2441 7020
4204 7042 4205 7042 4205 71 4629 71
3447 1450 3447 1928 8190 1928 8190 7154
5821 2812 5778 2812 5778 225 1352 225
2821 3098 2986 3098 2986 577 3072 577
1315 3657 2039 3657 2039 3789 7467 3789
4768 5374 4321 5374 4321 7317 3667 7317
1155 7631 5015 7631 5015 7096 5664 7096
4126 171 6240 171 6240 5621 6304 5621
4387 101 8065 101 8065 6805 8066 6805
5529 7204 5529 6296 7191 6296 7191 4900
2276 4302 4782 4302 4782 4844 4921 4844
4530 3662 4530 2091 505 2091 505 1109
5574 4904 5516 4904 5516 2061 4960 2061
6342 3043 7319 3043 7319 3521 8135 3521
1499 2523 1499 2757 299 2757 299 4931
3806 4015 3363 4015 3363 5615 2723 5615
2184 2012 2185 2012 2185 8164 5021 8164
7993 7532 7993 6632 7395 6632 7395 6490
6057 4001 6058 4001 6058 1878 6451 1878
7117 7031 7117 6211 4239 6211 4239 3719
5990 5093 5989 5093 5989 6170 2279 6170
3922 5599 3896 5599 3896 7321 1947 7321
7905 1688 7904 1688 7904 6012 2352 6012
5315 6290 5315 6275 7340 6275 7340 2561
5882 187 7712 187 7712 1823 7729 1823
686 2799 386 2799 386 5274 382 5274
7765 2788 7765 2052 1306 2052 1306 1978
7715 5189 7715 2049 2455 2049 2455 456
7795 673 7795 6266 1401 6266 1401 6609
27 8185 3612 8185 3612 5837 3643 5837
2795 1660 2059 1660 2059 5996 1703 5996
1473 13 2063 13 2063 6814 3919 6814
526 7425 526 7414 3558 7414 3558 6537
7231 3401 7230 3401 7230 3531 633 3531
5829 3927 5829 6191 3973 6191 3973 6987
556 223 6548 223 6548 3033 6907 3033
2186 3523 2559 3523 2559 3497 2816 3497
7683 1516 7683 2059 1502 2059 1502 4691
1566 6113 1566 6060 6733 6060 6733 5595
8089 1051 8061 1051 8061 1187 6332 1187
1451 74 1451 7103 1433 7103 1433 8177
1767 7369 1799 7369 1799 7926 6246 7926
2297 847 2297 1929 7975 1929 7975 4083
5352 1244 735 1893 465 5138
8172 5042 8171 5042 8171 2382 1847 2382
1135 5023 2027 5023 2027 5819 7899 5819
1563 5380 1563 4092 4345 4092 4345 3326
5454 2060 3362 2060 3362 5004 3182 5004
5698 5305 5698 4231 167 4231 167 3045
928 19 1487 19 1487 4979 4802 4979
6127 5026 6127 2055 2644 2055 2644 960
3130 120 5560 120 5560 3772 5572 3772
4739 39 230 39 230 720 170 720
7789 1258 7785 1258 7785 3973 5000 3973
3146 3937 3146 4042 2383 4042 2383 4382
6093 3993 6093 1146 5290 1146 5290 513
2371 4687 2371 2178 7739 2178 7739 1805
592 3769 2034 3769 2034 7365 4981 7365
4256 7347 2058 7347 2058 1559 528 1559
3317 1956 3317 2017 5440 2017 5440 6150
8078 2373 8078 4105 4673 4105 4673 5180
2213 6296 3364 6296 3364 2947 4316 2947
5029 5889 5029 5833 6483 5833 6483 1144
881 287 2057 287 2057 7376 3607 7376
5322 2512 4098 2512 4098 7890 1194 7890
2898 4892 2898 4771 2160 4771 2160 919
1391 3016 1768 3016 1768 1365 2296 1365
7154 7171 7153 7171 7153 7415 920 7415
7591 756 7590 756 7590 206 605 206
4147 6919 4147 6210 6473 6210 6473 4306
1649 1266 1648 1266 1648 1169 190 1169
1417 2489 4402 2489 4402 3626 5346 3626
8162 7711 8162 2184 3307 2184 3307 1337
4503 4537 4503 4104 6736 4104 6736 978
4832 7039 4799 7039 4799 7594 619 7594
4361 1285 4361 2016 5478 2016 5478 5469
5662 1237 1124 1267 161 1275
4012 3914 4223 3914 4223 1253 4569 1253
1642 2324 1715 2324 1715 1541 1732 1541
3209 4976 3357 4976 3357 3722 3420 3722
3445 3552 3856 3552 3856 6056 7169 6056
7799 5314 7799 1932 3529 1932 3529 448
6434 4058 802 4082 507 5207
3809 5611 2076 5611 2076 610 315 610
49 5096 49 6171 7644 6171 7644 6180
2703 6681 2703 6487 586 6487 586 4774
1846 4303 1846 4098 5593 4098 5593 3320
3575 113 3361 113 3361 7185 2743 7185
4393 7122 4393 6209 5854 6209 5854 1560
3116 280 2014 280 2014 2763 1846 2763
825 5596 1658 4097 7101 3942
651 7610 2061 7610 2061 5317 3021 5317
3458 7311 3458 6207 6352 6207 6352 958
4652 784 4204 784 4204 1765 3831 1765
1614 1418 1614 2054 6515 2054 6515 6444
883 453 2077 453 2077 4325 5423 4325
3994 3114 4041 3114 4041 6249 6632 6249
2631 1278 2631 2005 7048 2005 7048 7086
527 7218 527 6254 7088 6254 7088 2723
2917 3683 3278 3683 3278 2500 7279 2500
6120 3562 6120 4055 6424 4055 6424 5288
4359 5937 6241 5937 6241 2694 6283 2694
3705 6573 3705 6173 5577 6173 5577 3385
7944 4004 7944 6267 4040 6267 4040 7032
4535 7868 6132 7868 6132 3576 6133 3576
7657 2802 7581 2802 7581 852 7152 852
1038 6442 1038 6276 8142 6276 8142 4543
2634 4663 2899 4663 2899 4926 3675 4926
2013 5993 1961 5993 1961 5462 1792 5462
5058 3728 5058 2086 4134 2086 4134 120
2768 2785 3276 2785 3276 2906 5109 2906
966 5884 8047 5884 8047 1774 8061 1774
6464 2820 6464 4084 702 4084 702 5008
5831 1457 5831 2053 529 2053 529 6164
1769 2502 1769 4197 6322 4197 6322 4575
170 2851 545 2851 545 4224 2368 4224
307 3274 307 1890 4222 1890 4222 1735
1414 4979 3121 6424 3443 7254
5389 3404 5389 4081 689 4081 689 5599
232 6642 350 6642 350 6838 1617 6838
1375 912 2068 912 2068 2022 4060 2022
178 6085 187 6085 187 2749 684 2749
3528 5760 2067 5760 2067 2517 1339 2517
1964 4594 1964 5975 1130 5975 1130 7057
3946 1891 3360 1891 3360 5582 2561 5582
2289 3712 2290 3712 2290 3564 3236 3564
3947 1039 3946 1039 3946 609 3047 609
380 6937 381 6937 381 3289 669 3289
3866 7005 3866 6403 1793 6403 1793 5993
1687 6429 2048 6429 2048 7076 2739 7076
3802 7642 3802 6054 2346 6054 2346 3344
3325 4402 3325 4310 228 4310 228 3931
2545 7484 2545 7245 2203 7245 2203 2201
1585 1601 1585 2055 2332 2055 2332 3335
1749 5384 1749 4025 904 4025 904 3150
265 633 266 633 266 7880 928 7880
2844 5760 2844 2056 1436 2056 1436 1109
372 1204 1168 2249 1173 3181
3365 6921 3444 6921 3444 7901 3475 7901
886 479 1601 479 1601 4652 1607 4652
1938 2937 1863 2093 635 1209
2349 6119 2349 5904 2519 5904 2519 4911
2579 4308 2579 5470 2165 5470 2165 7092
2217 7373 2060 7373 2060 6115
2605 3126 2605 3878 378 3878 378 6746
1013 5352 1013 5316 3097 5316 3097 5164
3086 3645 1075 3645 1075 2989 995 2989
3500 64 3521 64 3521 4290 3757 4290
2489 6909 2534 6909 2534 5726 3164 5726
6 4350 6 7091 1146 7091 1146 7158
1692 4121 3355 4121 3355 3592 3356 3592
3160 5394 3160 4307 587 4307 587 2906
3974 5406 3974 5316 3367 5316 3367 3540
2453 5469 2038 5469 2038 3704 1381 3704
3793 7175 3516 5759 3211 330
486 4946 486 4040 2657 4040 2657 2426
763 992 763 1005 154 1005 154 8074
3358 5443 3358 4306 640 4306 640 3046
231 1762 231 224 4023 224 4023 223
2765 2432 2533 2432 2533 6328 2449 6328
3460 7284 3460 6423 2260 6423 2260 2299
363 6357 363 1108 1494 1108 1494 690
763 2109 763 4059 1018 4059 1018 8130
558 2968 558 6152 1717 6152 1717 6265
730 4609 2056 4609 2056 2200 3936 2200
1338 6465 2148 6465 2148 5120 2317 5120
4038 5704 4038 5693 139 5693 139 4752
720 3981 2035 3981 2035 7285 3517 7285
1453 1451 1453 1870 491 1870 491 3306
3607 4804 3606 4804 3606 5008 3455 5008
3634 2018 3634 2024 1758 2024 1758 2898
2048 2910 2048 2101 47 2101 47 1522
2897 3996 2382 3996 2382 4892 2371 4892
872 1737 295 1737 295 3133 272 3133
1107 8159 265 8159 265 2175 229 2175
1592 6642 1592 6486 651 6486 651 5005
587 794 587 858 1594 858 1594 1880
1055 4790 1032 4790 1032 8066 731 8066
873 4804 991 4328 1145 4042
1303 3551 1303 3015 1496 3015 1496 104
1900 3012 1900 2100 984 2100 984 885
1505 1536 633 1536 633 1137 470 1137
1508 5616 1217 2104 514 533
931 5649 380 5649 380 4944 355 4944
1608 3937 686 3937 686 4584 635 4584
1179 5270 1525 5270 1525 1629 1582 1629
1689 7207 1689 6814 1073 6814 1073 4330
512 2858 1077 2858 1077 3138 1518 3138
1748 816 1713 816 1713 1071 1021 1071
302 3049 302 4308 1776 4308 1776 5258
2031 5753 2031 4323 56 4323 56 974
1935 6980 1935 6751 515 6751 515 4726
1505 5818 1504 5818 1504 5842 1297 5842
271 6261 821 4608 926 4559
1659 1205 1659 7616 681 7616 681 7717
1700 6080 1700 5995 1784 5995 1784 2645
1458 6423 1457 6423 1457 4089 1223 4089
1765 928 1714 928 1714 2025 1536 2025
853 822 853 1105 198 1105 198 3622
1606 6995 1606 6883 544 6883 544 4311
596 4295 569 4295 569 6839 558 6839
372 4264 372 3530 713 3530 713 3070
136 6718 137 6718 137 7308 147 7308
646 3241 646 3275 145 3275 145 6876
14 8146 15 8146 15 3224 351 3224
885 7430 67 7430 67 684 64 684
122 2468 123 2468 123 3547 251 3547
634 869 639 2529 653 2745
987 7168 987 5093 956 5093 956 2017
674 1817 364 1817 364 7858 337 7858
84 4558 84 922 442 922 442 639
33 5909 35 5909 35 7182 965 7182
486 4851 487 4851 487 4451 497 4451
606 1004 513 1004 513 261 402 261
756 5534 756 6256 964 6256 964 6320
644 2528 695 2528 695 5130 883 5130
651 7755 657 7010 714 4870
879 3186 766 3186 766 2459 554 2459
750 6676 750 6663 1020 6663 1020 4539
694 3266 707 5132 746 6638
820 4812 746 4812 746 5816 732 5816
735 6018 734 6018 734 6664 693 6664
704 7011 705 7011 705 8034 866 8034
933 7163 933 6592 1003 6592 1003 5289
709 7753 747 7753 747 4866 929 4866
890 4807 890 4813 781 4813 781 5811
697 5772 578 5772 578 4708 536 4708
999 5042 559 4806 550 4366
571 5645 669 5645 669 5094 962 5094
868 4244 867 4244 867 4107 792 4107
726 5336 725 5336 725 5913 649 5913
861 5152 900 5152 900 5559 948 5559
1016 5981 577 5981 577 5694 571 5694
956 5205 956 5208 547 5208 547 5397
639 5337 638 5337 638 5638 624 5638
783 5829 784 5829 784 5997 908 5997
851 5383 852 5383 852 6032 878 6032
987 5123 967 5123 967 5182 931 5182
1002 5560 799 5560 799 5462 792 5462
932 5324 932 5337 808 5337 808 6021
895 5439 784 5439 784 5210 781 5210
816 5177 817 5177 817 5336 899 5336
1013 5284 1002 5284 1002 5309 801 5309
982 5447 981 5447 981 5512 800 5512
973 5523 972 5523 972 5549 891 5549
945 5353 946 5353 946 5552 948 5552
974 5451 973 5451 973 5376 916 5376
994 5607 994 5204 928 5204 928 5181
952 5294 978 5294 978 5249 984 5249
957 5128 910 5128 910 5315 906 5315
952 5230 944 5230 944 5371 901 5371
911 5279 912 5279 912 5207 919 5207
935 5347 936 5347 936 5201 937 5201
952 5137 926 5137 926 5163 921 5163
985 5182 986 5182 986 5171 997 5171
953 5147 930 5147 930 5231 918 5231
903 5149 903 5164 956 5164 956 5203
967 5242 968 5242 968 5170 984 5170
1012 5192 1012 5151 927 5151 927 5147
1010 5219 1009 5219 1009 5152 1002 5152
4259 2921 4170 2921 4170 2821 3643 2821
4330 2365 4330 2948 4119 2948 4119 3113
3343 2487 4191 2487 4191 2924 4312 2924
3428 2937 3471 2937 3471 2221 4053 2221
3903 3015 4081 3015 4081 2668 4116 2668
4347 2679 4225 2679 4225 2418 3827 2418
4217 3665 4216 3665 4216 3880 3669 3880
3587 3814 3914 3814 3914 4118 3967 4118
3874 3638 3875 3638 3875 3729 4031 3729
4174 3994 4224 3994 4224 3539 4313 3539
3641 3195 4240 3195 4240 3750 4247 3750
4151 3364 4150 3364 4150 3622 4104 3622
3658 4722 3659 4722 3659 4747 4118 4747
4120 5114 4077 5114 4077 4252 3540 4252
3946 4830 4068 4830 4068 5121 4207 5121
3566 4350 3566 4350 3566 4672 4189 4672
4186 4384 3601 4384 3601 4813 3460 4813
3836 4607 3855 4607 3855 5042 4040 5042
3806 5736 3806 6077 3617 6077 3617 6182
3600 5666 3599 5666 3599 5748 3444 5748
4288 5796 3973 5796 3973 5347 3426 5347
4102 6187 4103 6187 4103 6069 4264 6069
3807 5580 3805 5580 3805 6028 3548 6028
4031 5376 4133 5498 4357 5529
5178 2320 5098 2320 5098 2760 4916 2760
4725 2259 4724 2259 4724 2162 4620 2162
5146 2237 4445 2237 4445 2605 4435 2605
4638 2898 5055 2898 5055 2401
5207 2751 5099 2751 5099 2477 4598 2477
4695 2477 4695 2478 4446 2478 4446 2739
4487 3319 4742 3319 4742 3252 5098 3252
5014 3874 4597 3874 4597 3957 4552 3957
5266 3599 5267 3599 5267 3524 5339 3524
5347 3581 5347 3867 4385 3867 4385 4059
5178 3374 5179 3374 5179 3402 5293 3402
5168 3985 4917 3985 4917 3847 4521 3847
4972 4334 4972 4301 4421 4301 4421 4241
4439 4695 4439 4681 4543 4681 4543 4488
5147 4849 4794 4951 4455 4955
5056 5133 5055 5133 5055 4300 5013 4300
5247 5076 5246 5076 5246 4498 5183 4498
5337 4689 5336 4689 5336 4903 4726 4903
4881 5378 4882 5378 4882 5459 5217 5459
5019 5266 5018 5266 5018 5620 4896 5620
4632 5935 4664 5935 4664 5691 4704 5691
4606 5696 4606 6078 4860 6078 4860 6120
4493 5562 4607 5562 4607 6050 5182 6050
5371 5802 5018 5802 5018 6152 4434 6152
5938 2233 5819 2233 5819 2682 5789 2682
5820 2414 5822 2414 5822 2885 5881 2885
6124 2363 6123 2363 6123 2641 6096 2641
5756 2860 6016 2860 6016 2408 6055 2408
5959 2990 5958 2990 5958 2680 5824 2680
5969 2478 5968 2478 5968 2648 5525 2648
6238 3515 6119 3515 6119 3854 5833 3854
6071 3355 6070 3355 6070 4066 5911 4066
5909 3825 5908 3825 5908 3711 5508 3711
5891 3481 5891 3491 6239 3491 6239 3611
5735 4129 6089 4129 6089 3760 6386 3760
6360 3815 6360 3924 5469 3924 5469 3942
5969 4202 5748 4202 5748 4679 5478 4679
5749 4307 5750 4307 5750 4743 5892 4743
6274 4388 6051 4388 6051 4681 5396 4681
5592 4203 5989 4203 5989 5046 5993 5046
5719 5025 5718 5025 5718 4806 5563 4806
5859 4344 5911 4344 5911 4266 6213 4266
5687 5660 5699 5660 5699 5240 5846 5240
5908 5653 5907 5653 5907 5567 5631 5567
5450 5265 5451 5265 5451 5243 5541 5243
5703 5994 5615 5903 5567 5720
6317 5758 6371 5758 6371 5298 6394 5298
5540 5721 5540 5719 6059 5719 6059 5415
7190 2817 7189 2817 7189 2318 6576 2318
7187 2610 7186 2610 7186 2733 7143 2733
6849 2148 6850 2148 6850 2110 7259 2110
7130 2853 7129 2853 7129 2735 6843 2735
6878 2897 6908 2897 6908 3068 6915 3068
7269 2570 7269 2854 6922 2854 6922 2929
7175 3525 7121 3525 7121 3373 6858 3373
7274 3764 7014 3764 7014 3487 6888 3487
6576 4106 7295 4106 7295 3150 7318 3150
6579 4028 6580 4028 6580 4035 6684 4035
7168 3346 6769 3346 6769 4058 6645 4058
7121 3362 7122 3362 7122 3467 7154 3467
6450 4848 6451 4848 6451 4647 6498 4647
6437 4188 6499 4188 6499 5002 6793 5002
7319 4625 7314 4625 7314 4818 7237 4818
6613 5102 6614 5102 6614 4260 7084 4260
7328 4652 7329 4652 7329 4833 7377 4833
6894 4543 6870 4543 6870 5004 6756 5004
7210 5770 7206 5770 7206 5991 6576 5991
6912 5686 6917 5686 6917 5459 6926 5459
6546 5835 6945 5835 6945 5829 7347 5829
6909 5759 6910 5759 6910 5747 6967 5747
7072 5935 6977 5935 6977 5550 6576 5550
6434 5960 6435 5960 6435 5733 6450 5733
4998 3164 4997 3164 4997 3128 4604 3128
3575 3171 3576 3171 3576 3095 4076 3095
4686 3138 4492 3148 4455 3163
4193 3104 4193 3116 5116 3116 5116 3179
3472 3123 3473 3123 3473 3096 4842 3096
4402 4109 4401 4109 4401 4142 4317 4142
5141 4165 5142 4165 5142 4177 5266 4177
3902 4146 3903 4146 3903 4171 4574 4171
3728 4165 3729 4165 3729 4182 3957 4182
4959 4175 3901 4175 3901 4129 3744 4129
4898 5184 4897 5184 4897 5195 4880 5195
3364 5145 3365 5145 3365 5191 5110 5191
4048 5134 4049 5134 4049 5186 4775 5186
4653 5150 4652 5150 4652 5167 4193 5167
5031 5206 5111 5206 5111 5186 5252 5186
5740 3097 5739 3097 5739 3107 4758 3107
5691 3139 5690 3139 5690 3144 5517 3144
5550 3171 5351 3171 5351 3155 5139 3155
4502 3119 4999 3119 4999 3172 5231 3172
4777 3098 5693 3098 5693 3155 5796 3155
5423 4126 5095 4126 5095 4147 5049 4147
6061 4108 6061 4125 5618 4125 5618 4184
4712 4152 4713 4152 4713 4161 6224 4161
5904 4126 5905 4126 5905 4153 6108 4153
4440 4160 5610 4160 5610 4124 5763 4124
4489 5219 4488 5219 4488 5143 4474 5143
4927 5128 4928 5128 4928 5139 5873 5139
6392 5205 5752 5205 5752 5165 5536 5165
5753 5198 5753 5160 6301 5160 6301 5154
5250 5146 5110 5146 5110 5205 4927 5205
7092 3110 7091 3110 7091 3078 5814 3078
5790 3138 5790 3112 7239 3112 7239 3104
6898 3119 6792 3119 6792 3163 5937 3163
5419 3113 5424 3113 5424 3159 6071 3159
5772 3178 5773 3178 5773 3104 5931 3104
7025 4112 7026 4112 7026 4182 7390 4182
7401 4186 6835 4186 6835 4138 6574 4138
5613 4109 5609 4109 5609 4155 5445 4155
5701 4170 5701 4165 6222 4165 6222 4120
6078 4166 6225 4166 6225 4112 7286 4112
6969 5151 6472 5151 6472 5196 6280 5196
5781 5187 5782 5187 5782 5161 6408 5161
6617 5207 6616 5207 6616 5216 5637 5216
6151 5193 6152 5193 6152 5172 6363 5172
6177 5225 6150 5225 6150 5154 5939 5154
4340 2347 4399 2347 4399 3887 4403 3887
4410 2365 4409 2365 4409 2545 4405 2545
4321 3094 4379 3094 4379 4150 4394 4150
4323 3193 4324 3193 4324 4046 4343 4046
4401 4098 4401 4097 4315 4097 4315 3792
4396 4287 4377 4287 4377 3143 4321 3143
4377 4335 4344 4335 4344 4439 4315 4439
4363 3464 4363 4093 4319 4093 4319 4658
4319 3836 4391 3836 4391 3851 4397 3851
4356 3584 4357 3584 4357 4037 4371 4037
4345 4362 4346 4362 4346 4368 4389 4368
4335 4364 4335 4239 4398 4239 4398 4232
4390 4434 4390 4334 4336 4334 4336 4327
4365 5386 4366 5386 4366 4718 4390 4718
4380 5963 4358 5963 4358 4509 4357 4509
5360 3459 5361 3459 5361 3822 5418 3822
5401 4022 5352 4022 5352 3137
5418 3303 5419 3303 5419 3832 5428 3832
5389 2512 5390 2512 5390 2582 5431 2582
5364 2925 5364 3114 5423 3114 5423 3527
5414 4832 5432 4354 5434 3539
5395 4559 5395 4120 5353 4120 5353 3180
5340 4718 5356 4718 5356 4945 5357 4945
5393 3856 5408 3856 5408 4850 5416 4850
5372 4350 5371 4350 5371 4885 5344 4885
5357 6154 5357 6038 5421 6038 5421 4355
5435 4478 5434 4478 5434 5894 5384 5894
5408 5324 5409 5324 5409 5809 5432 5809
5355 4892 5373 4892 5373 4334 5414 4334
5340 6190 5341 6190 5341 5973 5425 5973
6397 2596 6398 2596 6398 3542 6407 3542
6415 2953 6417 2953 6417 3676 6436 3676
6373 2659 6390 2659 6390 3923 6403 3923
6385 3777 6437 3777 6437 3571 6460 3571
6455 2266 6385 2266 6385 2400 6378 2400
6450 4063 6450 4052 6389 4052 6389 3272
6438 3143 6439 3143 6439 3972 6443 3972
6454 3978 6391 4083 6372 4868
6443 4373 6443 4053 6365 4053 6365 3276
6450 4396 6449 4396 6449 3236 6397 3236
6457 4342 6457 4397 6389 4397 6389 4721
6430 4798 6431 4798 6431 4279 6442 4279
6362 4186 6415 4186 6415 5238 6450 5238
6365 4372 6366 4372 6366 5446 6370 5446
6388 5646 6409 5646 6409 4517 6414 4517
6924 5254 6924 5159 7014 5159 7014 4975
7384 4450 6730 4450 6730 5807 4263 5807
5037 4019 4397 4019 4397 2504 4321 2504
6603 6163 6603 5732 6435 5732 6435 3942
6220 4783 6230 4783 6230 5968 7062 5968
7317 4856 5930 4107 3931 2928
4020 4702 4020 4103 6643 4103 6643 2951
5232 3239 6391 3239 6391 3304 7134 3304
4985 3204 6323 3204 6323 4571 6330 4571
6396 5413 5630 5413 5630 5660 4686 5660
4071 4563 4071 4151 5367 4151 5367 4122
4619 3646 4619 4107 6724 4107 6724 5464
6557 4297 6544 4297 6544 2405 4494 2405
4501 5960 4403 5960 4403 4157 4351 4157
4292 3585 4965 3585 4965 3886 6131 3886
7012 4716 6523 4716 6523 4163 6367 4163
3772 5684 3753 5684 3753 4398 3716 4398
6601 2323 6057 2323 6057 2987 6018 2987
7115 5098 7115 4108 4444 4108 4444 3611
7006 4606 6908 4606 6908 5777 4711 5777
6717 5614 6488 5160 6342 3936
3662 2307 6017 2307 6017 4919 6040 4919
3754 4666 3854 4666 3854 6151 6562 6151
6258 6151 6258 5834 6944 5834 6944 4966
4923 3123 4097 3123 4097 5100 3983 5100
4145 5894 4145 5295 4781 5295 4781 4391
4598 3924 4598 4094 3381 4094 3381 4892
3768 5774 4035 5774 4035 6137 4820 6137
3913 3880 3634 3879 3492 3764
3742 3136 4218 3136 4218 4888 4866 4888
4682 5813 4047 5813 4047 3563 3725 3563
4720 5972 4042 5972 4042 2760 3899 2760
3649 5499 3923 5499 3923 5842 4207 5842
5382 4499 5382 5621 4017 5621 4017 5705
5185 5459 5185 4299 4774 4299 4774 3953
4478 3303 4487 3303 4487 3144 4494 3144
3848 3787 3847 3787 3847 3678 3375 3678
4973 3665 4814 3665 4814 3149 3543 3149
4863 2149 4863 3097 4751 3097 4751 3115
3734 3435 3734 2950 4447 2950 4447 2378
3420 2486 4541 2486 4541 2605 5016 2605
3557 2860 3557 2645 4065 2645 4065 2632
5100 2602 5208 2602 5208 2860 5317 2860
4470 2220 4904 2220 4904 2895 5163 2895
4994 2646 3898 2646 3898 2879 3381 2879
5355 2233 5355 2234 3678 2234 3678 2567
3745 2287 4726 2287 4726 2253 4735 2253
4903 2558 4902 2558 4902 2565 4784 2565
3539 2586 3679 2586 3679 2553 3809 2553
4855 2401 4854 2401 4854 2371 4004 2371
5250 2393 5054 2393 5054 2419 5009 2419
4050 2600 4228 2468 4956 2417
4817 2517 4816 2517 4816 2485 4355 2485
4670 2608 4649 2608 4649 2368 4355 2368
3380 2606 3907 2606 3907 2407 4157 2407
3643 2378 3644 2378 3644 2539 3701 2539
4091 2565 4092 2565 4092 2578 4121 2578
3858 2411 4172 2411 4172 2378 4225 2378
3985 2580 3984 2580 3984 2464 3902 2464
3987 2572 3986 2572 3986 2599 3791 2599
3939 2377 4226 2377 4226 2444 4230 2444
3565 2376 4227 2376 4227 2443 4276 2443
3379 2423 3808 2423 3808 2410 4171 2410
3366 2385 3367 2385 3367 2376 3447 2376
4061 2430 3633 2430 3633 2487
3808 2397 3805 2397 3805 2416 3411 2416
3340 2369 3341 2369 3341 2397 3470 2397
4038 2405 4037 2405 4037 2399 3944 2399
4159 2399 4159 2396 3781 2396 3781 2361
4277 2363 3564 2363 3564 2420 3550 2420
